x0,y0,z0,x1,y1,z1,x2,y2,z2,x3,y3,z3,x4,y4,z4,x5,y5,z5,x6,y6,z6,x7,y7,z7,x8,y8,z8,x9,y9,z9,x10,y10,z10,x11,y11,z11,x12,y12,z12,x13,y13,z13,x14,y14,z14,x15,y15,z15,x16,y16,z16,x17,y17,z17,x18,y18,z18,x19,y19,z19,x20,y20,z20,label,person_id,collector
0.6360108256340027,0.939464807510376,-3.9039500165927166e-07,0.5882300734519958,0.8657153248786926,-0.03844025731086731,0.5555846691131592,0.7709208726882935,-0.07364349067211151,0.5619862675666809,0.7073844075202942,-0.10928884148597717,0.6163468956947327,0.6901122331619263,-0.14317767322063446,0.6458432674407959,0.6003804206848145,-0.07193940132856369,0.677470862865448,0.45601922273635864,-0.12451537698507309,0.7003620862960815,0.3666611313819885,-0.1559615135192871,0.7267473340034485,0.2901398837566376,-0.17949658632278442,0.7205584645271301,0.6257529258728027,-0.07902002334594727,0.6709493398666382,0.6669923067092896,-0.14706578850746155,0.6139839887619019,0.7556419372558594,-0.1591382622718811,0.595888078212738,0.7913703322410583,-0.15573567152023315,0.7692938446998596,0.6936678290367126,-0.0893450453877449,0.6866435408592224,0.7864594459533691,-0.14240598678588867,0.627541184425354,0.8425604104995728,-0.1242462620139122,0.6104684472084045,0.8461897969245911,-0.10280219465494156,0.8007106184959412,0.7780500054359436,-0.10539206117391586,0.7270238995552063,0.8536018133163452,-0.13894064724445343,0.6737418174743652,0.8885954022407532,-0.1262332946062088,0.6526817083358765,0.8860694169998169,-0.10839049518108368,point,RRQ_p20,RRQ
0.3326203227043152,0.8302567005157471,-2.0069221307039697e-07,0.24163828790187836,0.7687724828720093,-0.020580751821398735,0.17779779434204102,0.7091643214225769,-0.05411883816123009,0.12527410686016083,0.676067054271698,-0.09187470376491547,0.11610602587461472,0.6655079126358032,-0.1304570585489273,0.22217577695846558,0.5395443439483643,-0.05896151438355446,0.1873590499162674,0.40926605463027954,-0.1101154088973999,0.16262440383434296,0.3256998062133789,-0.14038537442684174,0.1481245905160904,0.25030356645584106,-0.16335032880306244,0.2841985821723938,0.5514386296272278,-0.07568927109241486,0.1628408133983612,0.6068493127822876,-0.13770754635334015,0.15260061621665955,0.7008756995201111,-0.14218828082084656,0.17932884395122528,0.7233986258506775,-0.1361268013715744,0.3258807957172394,0.6093496084213257,-0.0954209715127945,0.2012799233198166,0.7142325639724731,-0.1441265493631363,0.19638048112392426,0.7751995325088501,-0.12022283673286438,0.22240819036960602,0.7762818336486816,-0.09530090540647507,0.351915568113327,0.6821542382240295,-0.11905092000961304,0.24556788802146912,0.7596981525421143,-0.14954109489917755,0.21592730283737183,0.8033453822135925,-0.13530242443084717,0.21384084224700928,0.8108360767364502,-0.11731662601232529,point,RRQ_p20,RRQ
0.700433611869812,0.8586841821670532,-4.0430091985399486e-07,0.6509919166564941,0.7951723337173462,-0.05185138061642647,0.6199064254760742,0.6990556716918945,-0.09421297162771225,0.6409044861793518,0.6560137271881104,-0.1327635645866394,0.704076886177063,0.6468440890312195,-0.16748790442943573,0.7194369435310364,0.5311099886894226,-0.09996835887432098,0.7562810778617859,0.3802638053894043,-0.16942916810512543,0.7868320941925049,0.2891694903373718,-0.21471437811851501,0.8209502100944519,0.20417794585227966,-0.24893870949745178,0.8060322403907776,0.5464011430740356,-0.10034995526075363,0.7718244194984436,0.6277175545692444,-0.1786537915468216,0.7102643847465515,0.7169439792633057,-0.1902685910463333,0.6947929859161377,0.7323223352432251,-0.1891019344329834,0.8592635989189148,0.6144040822982788,-0.10565132647752762,0.7967288494110107,0.7477976083755493,-0.1658044308423996,0.7350513339042664,0.7956641912460327,-0.1433285027742386,0.7258939146995544,0.7797271013259888,-0.12206210941076279,0.8951816558837891,0.7021052837371826,-0.11845938116312027,0.8409886360168457,0.8120850920677185,-0.16520090401172638,0.776995062828064,0.8452802300453186,-0.1569368541240692,0.7519879341125488,0.8270748853683472,-0.14271576702594757,point,RRQ_p20,RRQ
0.6744542121887207,0.7039472460746765,-3.38345216732705e-07,0.6546633243560791,0.6397206783294678,-0.03191482648253441,0.6526744961738586,0.5595877170562744,-0.052782509475946426,0.6714204549789429,0.5086920857429504,-0.07263915985822678,0.7126925587654114,0.4959702789783478,-0.08957424014806747,0.7303987741470337,0.4700269103050232,-0.032159171998500824,0.746791660785675,0.38290128111839294,-0.06568894535303116,0.7587094902992249,0.3268248438835144,-0.08583307266235352,0.7742995023727417,0.2794798016548157,-0.10071290284395218,0.7781240344047546,0.5030279159545898,-0.033132731914520264,0.7529623508453369,0.4942913353443146,-0.07594991475343704,0.7106112241744995,0.5512669086456299,-0.08131159096956253,0.7001383900642395,0.5817188620567322,-0.07605051249265671,0.8056139945983887,0.5568392872810364,-0.039167944341897964,0.7606955766677856,0.5713657140731812,-0.07646476477384567,0.7188323736190796,0.6096547842025757,-0.0637517124414444,0.7135953903198242,0.6233355402946472,-0.04697077348828316,0.8208429217338562,0.6200005412101746,-0.049595482647418976,0.7840327620506287,0.6315615773200989,-0.07294507324695587,0.7418752908706665,0.6457737684249878,-0.06569642573595047,0.7267653942108154,0.646268904209137,-0.05461634695529938,point,RRQ_p20,RRQ
0.45092901587486267,0.7907437086105347,-2.7548782099984237e-07,0.38959017395973206,0.7323132753372192,-0.01254637073725462,0.348133385181427,0.679541826248169,-0.03658028692007065,0.3149854838848114,0.6448919773101807,-0.06323767453432083,0.29515719413757324,0.6242452263832092,-0.08971386402845383,0.393350213766098,0.5610471367835999,-0.0388110876083374,0.3338988423347473,0.49482905864715576,-0.07586973905563354,0.2976425290107727,0.44739311933517456,-0.09694945067167282,0.273004949092865,0.40619146823883057,-0.11174191534519196,0.4304613769054413,0.5802372694015503,-0.052755098789930344,0.3384057581424713,0.5940824151039124,-0.09281592816114426,0.33211055397987366,0.6612468957901001,-0.09135637432336807,0.353013277053833,0.6786572933197021,-0.08445566147565842,0.45291566848754883,0.6262378096580505,-0.06954002380371094,0.35678160190582275,0.6756192445755005,-0.09995613992214203,0.35390034317970276,0.7210356593132019,-0.07952546328306198,0.3770180642604828,0.7222270369529724,-0.06168704107403755,0.4636916518211365,0.6828594207763672,-0.08926244080066681,0.3849019706249237,0.7180683612823486,-0.10685985535383224,0.3687598705291748,0.7493868470191956,-0.0936768501996994,0.37798574566841125,0.7548778653144836,-0.08080393075942993,point,RRQ_p20,RRQ
0.7243203520774841,0.6831828951835632,-2.354468477960836e-07,0.7063970565795898,0.5899409651756287,-0.034952592104673386,0.7184452414512634,0.502998948097229,-0.0612829215824604,0.7432225346565247,0.43315473198890686,-0.08879877626895905,0.7936915159225464,0.42970341444015503,-0.1141456589102745,0.8170512914657593,0.4217979311943054,-0.036479413509368896,0.8659534454345703,0.318339467048645,-0.08497757464647293,0.9000300168991089,0.2597168982028961,-0.11909414082765579,0.9341897964477539,0.21134713292121887,-0.14242859184741974,0.8525825142860413,0.47223588824272156,-0.03961866721510887,0.8593342304229736,0.4340322017669678,-0.10237150639295578,0.798893928527832,0.4930836260318756,-0.11548931896686554,0.7670072913169861,0.5274286270141602,-0.11075280606746674,0.8721764087677002,0.5364328622817993,-0.048325225710868835,0.8617556691169739,0.5190276503562927,-0.10030815750360489,0.8017303347587585,0.5561915636062622,-0.08591365069150925,0.7732751369476318,0.5772643089294434,-0.062361858785152435,0.8733276128768921,0.6035506725311279,-0.06166035681962967,0.8678330183029175,0.5949772596359253,-0.09131138771772385,0.8184875845909119,0.5989554524421692,-0.08018750697374344,0.7915511131286621,0.6033351421356201,-0.06306920945644379,point,RRQ_p20,RRQ
0.5341392159461975,0.7804187536239624,-2.683350430743303e-07,0.4967098832130432,0.7059473395347595,-0.03189967945218086,0.47063571214675903,0.6280783414840698,-0.062252964824438095,0.45060908794403076,0.5729742646217346,-0.09045667201280594,0.4792017340660095,0.5739036798477173,-0.11817964166402817,0.5673307776451111,0.5419521927833557,-0.06338831782341003,0.5883418917655945,0.4531397223472595,-0.11058353632688522,0.5980789661407471,0.39655882120132446,-0.14418454468250275,0.6101227402687073,0.34397655725479126,-0.17000536620616913,0.6278375387191772,0.5867786407470703,-0.06702440232038498,0.5501275062561035,0.5855624079704285,-0.10987355560064316,0.500318169593811,0.6455263495445251,-0.11105868220329285,0.4985920190811157,0.6693134307861328,-0.10647518187761307,0.6514831185340881,0.661312460899353,-0.07445895671844482,0.5483129620552063,0.6942806243896484,-0.1049659475684166,0.5099343061447144,0.7203546762466431,-0.08064312487840652,0.5153530240058899,0.723523736000061,-0.06056644022464752,0.6538845896720886,0.7391391396522522,-0.08685336261987686,0.5660853981971741,0.7629188299179077,-0.11279761046171188,0.527160108089447,0.77591872215271,-0.1003379225730896,0.5223345160484314,0.7737026810646057,-0.08513622730970383,point,RRQ_p20,RRQ
0.35161489248275757,0.896531343460083,1.2243924096821956e-08,0.4090947210788727,0.8446320295333862,-0.034352511167526245,0.4556773900985718,0.7857595682144165,-0.07185736298561096,0.4677996039390564,0.7339676022529602,-0.11087759584188461,0.4416838586330414,0.686688244342804,-0.14686773717403412,0.42398348450660706,0.5807344913482666,-0.06799915432929993,0.42342060804367065,0.45985642075538635,-0.12089812010526657,0.41428396105766296,0.367836594581604,-0.15196610987186432,0.4019216001033783,0.2939257323741913,-0.17368777096271515,0.35033226013183594,0.5697383284568787,-0.07755164802074432,0.3880980312824249,0.6508186459541321,-0.13810166716575623,0.4031422734260559,0.7484252452850342,-0.1463635414838791,0.4072445034980774,0.7712088823318481,-0.1435733139514923,0.290132075548172,0.6107595562934875,-0.09056559205055237,0.33954623341560364,0.7400038838386536,-0.14226055145263672,0.353302538394928,0.8024070858955383,-0.12653803825378418,0.35349997878074646,0.7960730791091919,-0.10926210880279541,0.24081739783287048,0.6724088788032532,-0.10856018960475922,0.28098177909851074,0.7759965062141418,-0.14284083247184753,0.3039109706878662,0.824327290058136,-0.13193370401859283,0.30699422955513,0.8169431686401367,-0.11693006008863449,point,RRQ_p20,RRQ
0.21370822191238403,0.8784140348434448,5.9542088592934306e-08,0.26246824860572815,0.8360168933868408,-0.045001305639743805,0.3059138059616089,0.7750310897827148,-0.08567546308040619,0.3025829792022705,0.7292920351028442,-0.12541818618774414,0.2657366991043091,0.6916680335998535,-0.16268202662467957,0.28224238753318787,0.5586956739425659,-0.08791279047727585,0.27713897824287415,0.4274493157863617,-0.14653508365154266,0.26519328355789185,0.3270833194255829,-0.18412522971630096,0.2525187134742737,0.23945015668869019,-0.21194663643836975,0.19903628528118134,0.5324048399925232,-0.09182555973529816,0.20919169485569,0.6629621982574463,-0.16097941994667053,0.22645975649356842,0.7594290971755981,-0.17227844893932343,0.240411639213562,0.7774097919464111,-0.17263557016849518,0.1289035677909851,0.5684394240379333,-0.09976110607385635,0.14385777711868286,0.7331278324127197,-0.1538686454296112,0.1696900874376297,0.7953413128852844,-0.13635113835334778,0.18859714269638062,0.7898410558700562,-0.11935385316610336,0.07062649726867676,0.6268476247787476,-0.11449708789587021,0.08295217901468277,0.7584274411201477,-0.15218988060951233,0.11179493367671967,0.8117619752883911,-0.1439848244190216,0.1308552622795105,0.8019875288009644,-0.13083815574645996,point,RRQ_p20,RRQ
0.5314603447914124,0.8176674246788025,-1.7271517549488635e-08,0.664658784866333,0.7931866645812988,-0.01625349372625351,0.7497032880783081,0.7500485181808472,-0.05557582527399063,0.8086748719215393,0.7202945947647095,-0.10083014518022537,0.8612329363822937,0.6825178265571594,-0.14407610893249512,0.7447232007980347,0.535544753074646,-0.07595688104629517,0.8135442137718201,0.41440463066101074,-0.13868017494678497,0.8534983992576599,0.3161248564720154,-0.17778541147708893,0.8800848722457886,0.22631970047950745,-0.20594748854637146,0.677780032157898,0.5212821364402771,-0.10300271213054657,0.7924097180366516,0.6454519629478455,-0.1779891699552536,0.7654401659965515,0.7346595525741577,-0.19066928327083588,0.7273155450820923,0.7372785210609436,-0.1921536922454834,0.6140105128288269,0.5611356496810913,-0.13053104281425476,0.7218608856201172,0.7108385562896729,-0.19178088009357452,0.6929574608802795,0.764256477355957,-0.16958054900169373,0.6576341390609741,0.7388901710510254,-0.14859484136104584,0.559817910194397,0.6261956691741943,-0.16116905212402344,0.6434757709503174,0.7376927137374878,-0.1969442367553711,0.6324214935302734,0.7725395560264587,-0.176564559340477,0.6041358709335327,0.7444059252738953,-0.15672741830348969,point,RRQ_p20,RRQ
0.2699818015098572,0.638776957988739,1.891588574665093e-08,0.31489911675453186,0.5978909134864807,-0.030594058334827423,0.3522924780845642,0.5484062433242798,-0.059847768396139145,0.3541373014450073,0.5136678814888,-0.08916116505861282,0.3254828155040741,0.49436479806900024,-0.11703955382108688,0.312923401594162,0.3972998559474945,-0.05172457918524742,0.300822377204895,0.3018658459186554,-0.08747964352369308,0.28668013215065,0.2343880981206894,-0.10837811976671219,0.2725907862186432,0.18050143122673035,-0.12217310816049576,0.2603190243244171,0.3999175429344177,-0.05510057881474495,0.2897111177444458,0.4317352771759033,-0.09929278492927551,0.30631282925605774,0.5060899257659912,-0.1063767820596695,0.31001532077789307,0.5336209535598755,-0.10335180163383484,0.21842877566814423,0.43091440200805664,-0.06077291816473007,0.25306838750839233,0.48401862382888794,-0.09910842031240463,0.2721869647502899,0.5395982265472412,-0.08819705247879028,0.27570047974586487,0.5534480214118958,-0.0735599622130394,0.18350112438201904,0.47295963764190674,-0.0700259879231453,0.21236467361450195,0.5106827020645142,-0.09168138355016708,0.23383992910385132,0.5513800978660583,-0.08036195486783981,0.239029660820961,0.5610407590866089,-0.06635798513889313,point,RRQ_p20,RRQ
0.47014760971069336,0.7291593551635742,4.4785391395407714e-08,0.5510614514350891,0.7160876989364624,-0.008919531479477882,0.6045379042625427,0.6953502893447876,-0.035647064447402954,0.6417624950408936,0.6868762969970703,-0.0671619176864624,0.6564151048660278,0.6838127970695496,-0.09828844666481018,0.6057350635528564,0.5408088564872742,-0.043638989329338074,0.6388930082321167,0.47205352783203125,-0.08063895255327225,0.6547631621360779,0.4133005738258362,-0.10584217309951782,0.6624003648757935,0.3580580949783325,-0.12419924885034561,0.5647122263908386,0.5311601758003235,-0.0628589615225792,0.6339517831802368,0.6107895374298096,-0.10618346184492111,0.621690034866333,0.6711493730545044,-0.11600729823112488,0.5982129573822021,0.6788563132286072,-0.11811244487762451,0.522726833820343,0.556855320930481,-0.08215278387069702,0.5905866622924805,0.6527894735336304,-0.11911099404096603,0.5785995721817017,0.6956323385238647,-0.10907214879989624,0.5570446848869324,0.6904838681221008,-0.09745274484157562,0.486836701631546,0.5983275175094604,-0.10323860496282578,0.5440728664398193,0.6701639294624329,-0.12228138744831085,0.5457610487937927,0.7054803371429443,-0.10854421555995941,0.5320618152618408,0.7059670090675354,-0.09522642195224762,point,RRQ_p20,RRQ
0.554021954536438,0.7928299903869629,1.4253284064125182e-07,0.6657369136810303,0.7740644216537476,-0.0008802998345345259,0.747011661529541,0.7556979656219482,-0.03587152063846588,0.8053244948387146,0.773568332195282,-0.07822270691394806,0.8394284844398499,0.798611044883728,-0.12147540599107742,0.7581946849822998,0.5834563970565796,-0.0647873803973198,0.8214415311813354,0.5096343159675598,-0.11664696037769318,0.859079897403717,0.4380255341529846,-0.14869846403598785,0.8820475935935974,0.37213900685310364,-0.17079055309295654,0.7066627740859985,0.5748049020767212,-0.09490515291690826,0.8084142804145813,0.7132853269577026,-0.14941495656967163,0.7828006744384766,0.7847907543182373,-0.1528732180595398,0.7493851780891418,0.7822486162185669,-0.14995960891246796,0.6521862149238586,0.6124601364135742,-0.12406597286462784,0.749419093132019,0.7657490968704224,-0.1724690943956375,0.724149227142334,0.8125323057174683,-0.15233910083770752,0.6927290558815002,0.793080747127533,-0.13270367681980133,0.6058559417724609,0.6733549237251282,-0.15423966944217682,0.688482940196991,0.7935126423835754,-0.17889903485774994,0.6876844167709351,0.8337138891220093,-0.15636080503463745,0.6688740253448486,0.8222301006317139,-0.1360498070716858,point,RRQ_p20,RRQ
0.20045329630374908,0.6848757266998291,3.167518158875282e-08,0.23825670778751373,0.6437002420425415,-0.04092122241854668,0.2752605080604553,0.5845506191253662,-0.0774831548333168,0.2600640654563904,0.5625895261764526,-0.11209870129823685,0.21680861711502075,0.5669039487838745,-0.1462382674217224,0.20907184481620789,0.42056041955947876,-0.08127471804618835,0.17190827429294586,0.31639885902404785,-0.1309034824371338,0.139394611120224,0.24245214462280273,-0.1608683466911316,0.10955966264009476,0.1795203685760498,-0.18156886100769043,0.1454824060201645,0.42608875036239624,-0.08269806206226349,0.16704760491847992,0.49947354197502136,-0.14085270464420319,0.1968088150024414,0.5795063972473145,-0.14931853115558624,0.21278011798858643,0.6021711826324463,-0.14717204868793488,0.09898310899734497,0.4697965085506439,-0.08690202981233597,0.12989921867847443,0.570564329624176,-0.13437442481517792,0.1631474792957306,0.6223552227020264,-0.11991530656814575,0.1821146160364151,0.6248302459716797,-0.1034107506275177,0.06293907761573792,0.5243983268737793,-0.09636791050434113,0.08961018919944763,0.6051385998725891,-0.12732012569904327,0.12612703442573547,0.648226797580719,-0.11687503755092621,0.14649221301078796,0.6492049694061279,-0.10236465930938721,point,RRQ_p20,RRQ
0.2457370012998581,0.6635096669197083,3.6671810477173494e-08,0.28353944420814514,0.6350002288818359,-0.03251597657799721,0.3257982134819031,0.5895265936851501,-0.06363369524478912,0.3201843500137329,0.5647763013839722,-0.09396817535161972,0.282796174287796,0.5591551065444946,-0.12324243038892746,0.294106125831604,0.4195069968700409,-0.06627050042152405,0.28109487891197205,0.31633418798446655,-0.11127620190382004,0.26599669456481934,0.24272578954696655,-0.13960041105747223,0.2502087950706482,0.17980974912643433,-0.15970385074615479,0.2329835593700409,0.40405720472335815,-0.07020790129899979,0.24133077263832092,0.484016478061676,-0.12171680480241776,0.25697505474090576,0.5656795501708984,-0.13013243675231934,0.26842689514160156,0.5863649249076843,-0.12926828861236572,0.18144072592258453,0.43202608823776245,-0.076666459441185,0.19477176666259766,0.5428529381752014,-0.11732339859008789,0.21766355633735657,0.5991175770759583,-0.1034039855003357,0.23541873693466187,0.6009616255760193,-0.0888013020157814,0.138741135597229,0.4746571481227875,-0.08787451684474945,0.15040460228919983,0.5642780661582947,-0.11316400021314621,0.1746004819869995,0.6122143268585205,-0.10260000079870224,0.1911037117242813,0.6118611693382263,-0.0892469510436058,point,RRQ_p20,RRQ
0.647100031375885,0.8064311742782593,-5.299351073517755e-07,0.6068533658981323,0.7165716886520386,-0.03904484584927559,0.6010716557502747,0.6096062660217285,-0.0667443498969078,0.5992653369903564,0.5258610844612122,-0.09497518092393875,0.5842722654342651,0.4486919641494751,-0.11775266379117966,0.6838024854660034,0.47290509939193726,-0.01368325762450695,0.667400062084198,0.4087178707122803,-0.0748789831995964,0.624890923500061,0.41161131858825684,-0.10829726606607437,0.6083472967147827,0.41910284757614136,-0.12313268333673477,0.7461934089660645,0.5003467798233032,-0.021489759907126427,0.7265132665634155,0.4060565233230591,-0.08628062158823013,0.662428617477417,0.4942813515663147,-0.09663871675729752,0.6684938669204712,0.5340358018875122,-0.08445426821708679,0.7906444072723389,0.5555675029754639,-0.039647214114665985,0.7391840815544128,0.5203034281730652,-0.0982004925608635,0.6805911660194397,0.6006520390510559,-0.08050744235515594,0.696802020072937,0.6219099164009094,-0.05198349058628082,0.8169220685958862,0.6237266063690186,-0.06277214735746384,0.758827805519104,0.6148031949996948,-0.08860842138528824,0.7162332534790039,0.6611871719360352,-0.07187672704458237,0.7303290367126465,0.6743609309196472,-0.05134027823805809,pinch,RRQ_p20,RRQ
0.36481228470802307,0.6557167172431946,-6.1970490605745e-07,0.3067132234573364,0.579840898513794,-0.01887042447924614,0.28175783157348633,0.4581609070301056,-0.03726191073656082,0.2523908317089081,0.3800574243068695,-0.05860920250415802,0.20501038432121277,0.31793269515037537,-0.07678552716970444,0.3873952627182007,0.3539116382598877,-0.004627457354217768,0.321395605802536,0.29299139976501465,-0.05618917942047119,0.25783538818359375,0.2847300171852112,-0.09127073734998703,0.2085810899734497,0.27843475341796875,-0.11097577214241028,0.42889857292175293,0.3699911832809448,-0.02008085325360298,0.3553362786769867,0.2870830297470093,-0.07045391947031021,0.3247840702533722,0.3662712574005127,-0.08224733173847198,0.3376390039920807,0.4124718904495239,-0.078790582716465,0.45588159561157227,0.41619589924812317,-0.042867258191108704,0.3540074825286865,0.375501424074173,-0.08467312157154083,0.33029600977897644,0.45708590745925903,-0.0688001736998558,0.35649222135543823,0.48428353667259216,-0.04935861751437187,0.4667366147041321,0.4780285954475403,-0.06971268355846405,0.3754725158214569,0.4633027911186218,-0.09339074790477753,0.3574206531047821,0.5105389356613159,-0.08133072406053543,0.3796139061450958,0.5258243083953857,-0.06723762303590775,pinch,RRQ_p20,RRQ
0.28851720690727234,0.8162590861320496,-5.39349343853246e-07,0.23410603404045105,0.7406635880470276,-0.02935495600104332,0.20217272639274597,0.6523478031158447,-0.05615847185254097,0.1665157675743103,0.5987504720687866,-0.08262600749731064,0.1212114691734314,0.5631066560745239,-0.10848791897296906,0.3198145031929016,0.5299608111381531,-0.03871990367770195,0.22997364401817322,0.4947606325149536,-0.09695901721715927,0.1598844826221466,0.5049318075180054,-0.13970336318016052,0.10338985919952393,0.5180858373641968,-0.16382385790348053,0.36146020889282227,0.5653923749923706,-0.05138542130589485,0.27312493324279785,0.5093915462493896,-0.10626672208309174,0.22061124444007874,0.5597617030143738,-0.12607070803642273,0.1989476978778839,0.597596287727356,-0.12973107397556305,0.3790583908557892,0.6279627084732056,-0.06983315199613571,0.2589547038078308,0.6208272576332092,-0.1134052649140358,0.23754236102104187,0.6894496083259583,-0.10531169176101685,0.256160706281662,0.718999981880188,-0.09184938669204712,0.3779332935810089,0.7023990154266357,-0.09245286136865616,0.2761209011077881,0.7075659036636353,-0.11951052397489548,0.26179131865501404,0.7479013800621033,-0.10996749252080917,0.283121794462204,0.7602919340133667,-0.09700467437505722,pinch,RRQ_p20,RRQ
0.7924218773841858,0.6071934103965759,-4.874727324022388e-07,0.7596451640129089,0.5030490159988403,-0.02347511053085327,0.7513982057571411,0.41998806595802307,-0.04657246917486191,0.7284704446792603,0.37397241592407227,-0.06859960407018661,0.691125750541687,0.3465137779712677,-0.08843693137168884,0.8769540190696716,0.3742101788520813,-0.03739575296640396,0.792772650718689,0.3092697858810425,-0.08174297958612442,0.7294963002204895,0.3009204864501953,-0.11126275360584259,0.6855116486549377,0.30160123109817505,-0.12756088376045227,0.891129732131958,0.418046236038208,-0.04431420937180519,0.7943932414054871,0.3508233428001404,-0.08243813365697861,0.7644718289375305,0.39586690068244934,-0.08974692225456238,0.7708307504653931,0.4243490695953369,-0.09057789295911789,0.8851359486579895,0.4680265784263611,-0.0558786541223526,0.775745153427124,0.41767534613609314,-0.08513297140598297,0.7576324939727783,0.465451180934906,-0.07413815706968307,0.777831494808197,0.48998144268989563,-0.06374438107013702,0.8652098774909973,0.5191478729248047,-0.07089432328939438,0.7793576717376709,0.4791925251483917,-0.08944793045520782,0.7644054293632507,0.5050826072692871,-0.08143424987792969,0.7814444899559021,0.5208941698074341,-0.07255386561155319,pinch,RRQ_p20,RRQ
0.7608386278152466,0.7822118401527405,-4.4533121013046184e-07,0.7308730483055115,0.656998872756958,-0.036614272743463516,0.7124735713005066,0.5754319429397583,-0.07501721382141113,0.6632523536682129,0.5388616919517517,-0.11064891517162323,0.6108390092849731,0.5191308259963989,-0.14519308507442474,0.8488326072692871,0.5193310976028442,-0.07729587703943253,0.7426654696464539,0.4726575016975403,-0.13814961910247803,0.666640043258667,0.47575122117996216,-0.1775478571653366,0.6109244227409363,0.47711119055747986,-0.19993366301059723,0.8727921843528748,0.5888650417327881,-0.0856197327375412,0.7491582632064819,0.5430300235748291,-0.1400347203016281,0.7253224849700928,0.5829716324806213,-0.1532500833272934,0.7319873571395874,0.6075477600097656,-0.15732575953006744,0.8679372668266296,0.6689431071281433,-0.09820033609867096,0.7285137176513672,0.6412982940673828,-0.1341819316148758,0.730769157409668,0.6705601811408997,-0.11755669862031937,0.7661758661270142,0.6792657375335693,-0.10331638157367706,0.8437883257865906,0.7419052124023438,-0.1159936785697937,0.7311605215072632,0.7112788558006287,-0.1383296400308609,0.7278255820274353,0.7184591889381409,-0.12583552300930023,0.758842408657074,0.7162875533103943,-0.11311178654432297,pinch,RRQ_p20,RRQ
0.6956835985183716,0.7774516344070435,3.529403613811155e-08,0.6557903289794922,0.7030357122421265,-0.020946750417351723,0.6512418389320374,0.600705623626709,-0.037929244339466095,0.65583336353302,0.5216522812843323,-0.05757351219654083,0.6328478455543518,0.45099180936813354,-0.07700749486684799,0.7219356894493103,0.46754634380340576,-0.0008128523477353156,0.6979877352714539,0.4062610864639282,-0.04733215644955635,0.6641567349433899,0.39464864134788513,-0.09007304161787033,0.6316377520561218,0.3945949673652649,-0.11416466534137726,0.779213011264801,0.4626505374908447,-0.014785049483180046,0.8016787767410278,0.3398008942604065,-0.0463164784014225,0.8036583662033081,0.2571846842765808,-0.07630646973848343,0.798997163772583,0.18183714151382446,-0.09628849476575851,0.82520592212677,0.4990758001804352,-0.03626488894224167,0.8778596520423889,0.3916557729244232,-0.07012973725795746,0.8975545763969421,0.32620304822921753,-0.09320610016584396,0.9050240516662598,0.2574346363544464,-0.1066523864865303,0.8558776378631592,0.5674731135368347,-0.059678517282009125,0.9167191982269287,0.5035157799720764,-0.08211067318916321,0.9489921927452087,0.45729124546051025,-0.08856284618377686,0.9680832624435425,0.40297240018844604,-0.09218677878379822,pinch,RRQ_p20,RRQ
0.48323726654052734,0.7849388122558594,6.85929748556191e-08,0.42969563603401184,0.7115299105644226,-0.02593383751809597,0.4081002175807953,0.6007776260375977,-0.046536702662706375,0.38964512944221497,0.518771767616272,-0.06928572803735733,0.34609586000442505,0.45429718494415283,-0.09249021857976913,0.4795530438423157,0.47386425733566284,-0.015317237004637718,0.4382484555244446,0.4033336341381073,-0.06460195034742355,0.38854968547821045,0.40462490916252136,-0.10915236920118332,0.3432372808456421,0.41416165232658386,-0.13538223505020142,0.5294051170349121,0.46470922231674194,-0.028452767059206963,0.5420724153518677,0.3448978364467621,-0.06423947215080261,0.5307646989822388,0.2608596682548523,-0.09718488156795502,0.5092301368713379,0.19137832522392273,-0.12011899799108505,0.5670788288116455,0.498210608959198,-0.048944320529699326,0.6165949702262878,0.39933544397354126,-0.08516809344291687,0.6251254677772522,0.3251357674598694,-0.1109762042760849,0.6144630312919617,0.252064973115921,-0.1276606321334839,0.5909337997436523,0.5640174150466919,-0.07168708741664886,0.6542451977729797,0.5119367241859436,-0.09879808127880096,0.6793340444564819,0.4609147310256958,-0.10998325049877167,0.6822930574417114,0.40504422783851624,-0.11761397868394852,pinch,RRQ_p20,RRQ
0.3785906136035919,0.7930325269699097,4.296376232559851e-08,0.3217769265174866,0.7163737416267395,-0.020699791610240936,0.2903447449207306,0.6054770350456238,-0.041373878717422485,0.2599797248840332,0.5285807847976685,-0.0652659460902214,0.20942983031272888,0.47237512469291687,-0.09080033749341965,0.3671281039714813,0.47845110297203064,-0.017578084021806717,0.30855801701545715,0.415774941444397,-0.06664275377988815,0.25477713346481323,0.4214223027229309,-0.1123836562037468,0.20400172472000122,0.4377852976322174,-0.14006568491458893,0.41055840253829956,0.47221529483795166,-0.03489142656326294,0.42012080550193787,0.347476601600647,-0.07397294044494629,0.40238630771636963,0.26785770058631897,-0.10912787169218063,0.3691065311431885,0.21374672651290894,-0.1326734721660614,0.4460439383983612,0.5100430846214294,-0.0583789236843586,0.4973479211330414,0.40366533398628235,-0.09642621874809265,0.5013037919998169,0.32872986793518066,-0.12451283633708954,0.4792206287384033,0.2661682665348053,-0.14260302484035492,0.46885544061660767,0.5798927545547485,-0.08337724953889847,0.5317164659500122,0.5274455547332764,-0.112441785633564,0.5529279112815857,0.47880515456199646,-0.12457230687141418,0.5459399223327637,0.4319351017475128,-0.13272292912006378,pinch,RRQ_p20,RRQ
0.46851465106010437,0.8268277049064636,1.0341288714244001e-07,0.4976537823677063,0.7313379049301147,-0.022530075162649155,0.5026509761810303,0.6304047703742981,-0.0513661727309227,0.5129516124725342,0.5521267652511597,-0.08309957385063171,0.5418758392333984,0.481550008058548,-0.11181575804948807,0.3717588186264038,0.5222106575965881,-0.024772843345999718,0.42821136116981506,0.45595934987068176,-0.07988010346889496,0.47910863161087036,0.4385383129119873,-0.11456967145204544,0.520779013633728,0.43619504570961,-0.1327621042728424,0.32300788164138794,0.5630635619163513,-0.03822261467576027,0.4212622344493866,0.5111473202705383,-0.09242188185453415,0.4716096520423889,0.5920529365539551,-0.10451462864875793,0.47286170721054077,0.6380236744880676,-0.10146217048168182,0.30411916971206665,0.6292640566825867,-0.057652562856674194,0.41801533102989197,0.6137333512306213,-0.1093025878071785,0.4517965018749237,0.6814576983451843,-0.10505197942256927,0.4355759620666504,0.7082953453063965,-0.09080531448125839,0.30509188771247864,0.7076700925827026,-0.07972664386034012,0.4050664007663727,0.7071481943130493,-0.1086813360452652,0.43725454807281494,0.7420094013214111,-0.10209853947162628,0.422203928232193,0.7535049319267273,-0.08998024463653564,pinch,RRQ_p20,RRQ
0.6526036262512207,0.7299332618713379,4.803871433978202e-07,0.716476321220398,0.6059314012527466,-0.006702156737446785,0.7547558546066284,0.4943033456802368,-0.034943997859954834,0.8104502558708191,0.4203100800514221,-0.06785308569669724,0.8726375102996826,0.37168562412261963,-0.10039501637220383,0.6186487078666687,0.4216156601905823,-0.050398990511894226,0.7337486147880554,0.35506725311279297,-0.10155968368053436,0.8122948408126831,0.33512675762176514,-0.1341249793767929,0.87272047996521,0.31950604915618896,-0.15524932742118835,0.5942031741142273,0.4724845290184021,-0.07421355694532394,0.7393109798431396,0.40788400173187256,-0.12151067703962326,0.7590709924697876,0.47807809710502625,-0.1258980929851532,0.7353097200393677,0.5162754654884338,-0.12587802112102509,0.5995041131973267,0.5476407408714294,-0.09936843812465668,0.7446114420890808,0.49921539425849915,-0.14308181405067444,0.7535526752471924,0.5599716901779175,-0.1282888948917389,0.7211887240409851,0.5846896171569824,-0.11384709179401398,0.6225977540016174,0.6247288584709167,-0.12600496411323547,0.7425605654716492,0.592872679233551,-0.15063777565956116,0.7506418824195862,0.6319267153739929,-0.13641144335269928,0.720526397228241,0.6532163023948669,-0.1240105852484703,pinch,RRQ_p20,RRQ
0.2563764750957489,0.6011844873428345,9.375382603593607e-08,0.280642032623291,0.48643678426742554,-0.024099649861454964,0.28056854009628296,0.3705311715602875,-0.056291501969099045,0.2872437834739685,0.2835829257965088,-0.09291005879640579,0.31015825271606445,0.20929981768131256,-0.12591062486171722,0.12058019638061523,0.2724291980266571,-0.021807977929711342,0.18224768340587616,0.1876024603843689,-0.0889909490942955,0.24633260071277618,0.16863134503364563,-0.13302338123321533,0.2987573742866516,0.16641290485858917,-0.15408188104629517,0.06935666501522064,0.3222261667251587,-0.03760382905602455,0.18125025928020477,0.249136820435524,-0.09855322539806366,0.24202030897140503,0.3381233811378479,-0.11245577037334442,0.24389365315437317,0.3935064673423767,-0.10836488753557205,0.053176820278167725,0.3946225345134735,-0.0610838457942009,0.18162740767002106,0.35488161444664,-0.118752621114254,0.22948740422725677,0.4313599765300751,-0.11198897659778595,0.2208172082901001,0.47087129950523376,-0.09304835647344589,0.05882459133863449,0.47762352228164673,-0.08795925229787827,0.1681661456823349,0.4564850926399231,-0.11853588372468948,0.21652446687221527,0.49034810066223145,-0.10751712322235107,0.21577700972557068,0.5064913034439087,-0.08971355855464935,pinch,RRQ_p20,RRQ
0.2916858196258545,0.8115272521972656,7.210565655668688e-08,0.3288958668708801,0.6722477674484253,-0.04169313982129097,0.338925302028656,0.5623409152030945,-0.08319920301437378,0.34409064054489136,0.4831368923187256,-0.1261281818151474,0.3574482202529907,0.4335465133190155,-0.1647501289844513,0.15222153067588806,0.4797397553920746,-0.043861981481313705,0.22753694653511047,0.4175717532634735,-0.1155155822634697,0.2978287637233734,0.41530027985572815,-0.16172027587890625,0.3485053777694702,0.42091935873031616,-0.18470457196235657,0.10930222272872925,0.5478385090827942,-0.053215391933918,0.2310270220041275,0.501481294631958,-0.11791621148586273,0.28562766313552856,0.578933596611023,-0.137389674782753,0.2827490568161011,0.6231893301010132,-0.13960179686546326,0.09977281093597412,0.6345765590667725,-0.07079485803842545,0.2378864884376526,0.6094709634780884,-0.12972228229045868,0.27929815649986267,0.6698157787322998,-0.129017636179924,0.26526227593421936,0.6961849331855774,-0.11640941351652145,0.10998284816741943,0.7277796268463135,-0.09333658218383789,0.22809800505638123,0.7157092094421387,-0.12602129578590393,0.27205684781074524,0.734929621219635,-0.12052884697914124,0.26768067479133606,0.7393435835838318,-0.10754847526550293,pinch,RRQ_p20,RRQ
0.4628485143184662,0.8030019998550415,4.52629734581933e-07,0.5398036241531372,0.6775262355804443,-0.0073137045837938786,0.5924665927886963,0.5727506279945374,-0.03777655214071274,0.6567869782447815,0.5115697979927063,-0.07498909533023834,0.7192143201828003,0.4726371169090271,-0.11205362528562546,0.4581650197505951,0.4576551914215088,-0.049028318375349045,0.5709818601608276,0.4073713421821594,-0.10425281524658203,0.6522065997123718,0.41035711765289307,-0.1386175900697708,0.7148221731185913,0.41547471284866333,-0.1592734158039093,0.42467430233955383,0.5179476737976074,-0.07529003173112869,0.5791923403739929,0.4835772216320038,-0.1260557323694229,0.5925568342208862,0.5623813271522522,-0.13317885994911194,0.5662230849266052,0.5917617678642273,-0.13402573764324188,0.420600563287735,0.6046669483184814,-0.10343936085700989,0.5762165188789368,0.5862658023834229,-0.1509806215763092,0.5777540802955627,0.6520583033561707,-0.13726206123828888,0.5438270568847656,0.6715248823165894,-0.12169932574033737,0.43353962898254395,0.6941274404525757,-0.1332363486289978,0.5641533136367798,0.6837762594223022,-0.15859797596931458,0.5727362036705017,0.7163185477256775,-0.14308418333530426,0.5451099872589111,0.7272374629974365,-0.1281789392232895,pinch,RRQ_p20,RRQ
0.2698296308517456,0.5611905455589294,1.783505432229049e-08,0.27932363748550415,0.46591633558273315,-0.0070585450157523155,0.2584868371486664,0.3756050169467926,-0.019260356202721596,0.2501876950263977,0.30974769592285156,-0.03608377277851105,0.2550055980682373,0.24728524684906006,-0.0510578416287899,0.1584528684616089,0.34956246614456177,0.002137845614925027,0.17961879074573517,0.2812907099723816,-0.03045196644961834,0.20992431044578552,0.24940943717956543,-0.05047977715730667,0.2393011599779129,0.23243363201618195,-0.06119338795542717,0.1320418119430542,0.3815983235836029,-0.011237101629376411,0.18026632070541382,0.3016936182975769,-0.0482071153819561,0.22675193846225739,0.3486787974834442,-0.05541438236832619,0.23227012157440186,0.3837170898914337,-0.05108991265296936,0.12697356939315796,0.4209849536418915,-0.028917640447616577,0.18829722702503204,0.35478582978248596,-0.0654592290520668,0.22931692004203796,0.3984237015247345,-0.05946701765060425,0.2280561923980713,0.42870667576789856,-0.04606415703892708,0.1362588107585907,0.4620344042778015,-0.04808396100997925,0.1950741857290268,0.41850870847702026,-0.07080607116222382,0.22854360938072205,0.4399750232696533,-0.0653650164604187,0.2275300920009613,0.45823433995246887,-0.055068545043468475,pinch,RRQ_p20,RRQ
0.4291497468948364,0.5457898378372192,1.7591274570349924e-07,0.4659740924835205,0.4328097701072693,-0.0028368656057864428,0.4731917977333069,0.34981778264045715,-0.01973014511168003,0.48743268847465515,0.2849639058113098,-0.0417465940117836,0.5125792622566223,0.22895847260951996,-0.06269323080778122,0.35727983713150024,0.3038145899772644,-0.01653817854821682,0.4153836965560913,0.23719269037246704,-0.049785856157541275,0.4629707932472229,0.21606186032295227,-0.07080243527889252,0.4967172145843506,0.20308224856853485,-0.08352713286876678,0.3433406949043274,0.3407365679740906,-0.034181006252765656,0.42478877305984497,0.26632434129714966,-0.06797342747449875,0.4554004669189453,0.3155316412448883,-0.07469424605369568,0.44623300433158875,0.34691324830055237,-0.07440143823623657,0.3518580496311188,0.3872465491294861,-0.05359404534101486,0.438990980386734,0.32517948746681213,-0.08525987714529037,0.4617675244808197,0.368522047996521,-0.07757125049829483,0.44693049788475037,0.39613988995552063,-0.06658705323934555,0.37174826860427856,0.4343932271003723,-0.07400710135698318,0.4460308849811554,0.3913005292415619,-0.0918608233332634,0.46796151995658875,0.41464048624038696,-0.0829961821436882,0.4596862494945526,0.4328896105289459,-0.07257120311260223,pinch,RRQ_p20,RRQ
0.3262459635734558,0.5964048504829407,-4.0207339679909637e-07,0.428132563829422,0.5241096615791321,-0.005647841840982437,0.48489484190940857,0.450056791305542,-0.02252885326743126,0.5222446918487549,0.39464983344078064,-0.04400334879755974,0.5338327884674072,0.33707088232040405,-0.05988221615552902,0.40049004554748535,0.2709267735481262,-0.012838306836783886,0.49771222472190857,0.2720370888710022,-0.04880808666348457,0.4927476644515991,0.3475955128669739,-0.0699056014418602,0.4681277871131897,0.36690953373908997,-0.08348304778337479,0.36765044927597046,0.2926870882511139,-0.0311881210654974,0.4881517291069031,0.3180951476097107,-0.06579416990280151,0.47756320238113403,0.4013154208660126,-0.07395213097333908,0.44854938983917236,0.4135887622833252,-0.07672657072544098,0.34690847992897034,0.34031596779823303,-0.05257631465792656,0.46667003631591797,0.3831143081188202,-0.08092664182186127,0.455680251121521,0.4529280662536621,-0.07234945893287659,0.4248794913291931,0.46096140146255493,-0.06446414440870285,0.33772075176239014,0.40452516078948975,-0.07593613117933273,0.43273910880088806,0.4482862949371338,-0.0910278782248497,0.4251312017440796,0.4968617260456085,-0.0842394307255745,0.39858296513557434,0.5003963112831116,-0.07766196876764297,fist,RRQ_p20,RRQ
0.229140043258667,0.5894925594329834,-3.7231771443657635e-07,0.29022082686424255,0.5022991299629211,-0.012058736756443977,0.32469505071640015,0.4213997423648834,-0.028142174705863,0.3460676074028015,0.35976770520210266,-0.04739813879132271,0.3334134519100189,0.3073117434978485,-0.06129750609397888,0.21175454556941986,0.28929996490478516,-0.01112991850823164,0.2940714657306671,0.25813135504722595,-0.04700688645243645,0.3103264272212982,0.32885444164276123,-0.06899640709161758,0.2970333695411682,0.3574293553829193,-0.08135516196489334,0.1822376549243927,0.3116793632507324,-0.02314983867108822,0.28711196780204773,0.3056279718875885,-0.0561564639210701,0.30094653367996216,0.3829858899116516,-0.06457404047250748,0.28627827763557434,0.40891891717910767,-0.06607789546251297,0.16700264811515808,0.3548870384693146,-0.039319608360528946,0.2748967707157135,0.36994391679763794,-0.06748420745134354,0.2873741686344147,0.43707066774368286,-0.06188436970114708,0.27248045802116394,0.45930179953575134,-0.05353366956114769,0.16515304148197174,0.4101983308792114,-0.05788321793079376,0.248685821890831,0.4261212944984436,-0.07137487828731537,0.25955337285995483,0.46921253204345703,-0.06570021063089371,0.24659696221351624,0.4846794605255127,-0.058293867856264114,fist,RRQ_p20,RRQ
0.5465691685676575,0.5733816027641296,-2.5442571427447547e-07,0.6395015716552734,0.496398389339447,-0.0012792787747457623,0.6827400326728821,0.4240700304508209,-0.01764199510216713,0.718880295753479,0.3733745813369751,-0.03893932327628136,0.7537403106689453,0.3275821805000305,-0.0550084225833416,0.6014505624771118,0.2893426716327667,-0.018899986520409584,0.7011972069740295,0.2721031904220581,-0.05083392933011055,0.7009294033050537,0.32953786849975586,-0.06592386215925217,0.6792712211608887,0.35062119364738464,-0.07492448389530182,0.5854642987251282,0.318902850151062,-0.03719932585954666,0.7077406644821167,0.31831127405166626,-0.06617119163274765,0.7003075480461121,0.3801921010017395,-0.06682988256216049,0.6750924587249756,0.3968030512332916,-0.06617278605699539,0.5804384350776672,0.36622732877731323,-0.05786294862627983,0.6992343664169312,0.37825480103492737,-0.08004730939865112,0.6873563528060913,0.43087804317474365,-0.06635193526744843,0.6592310667037964,0.4436083436012268,-0.05718294158577919,0.5851688385009766,0.42407479882240295,-0.08012137562036514,0.6798416376113892,0.43817001581192017,-0.09048931300640106,0.6697177886962891,0.4782748222351074,-0.08052612096071243,0.6433418393135071,0.48834291100502014,-0.07381909340620041,fist,RRQ_p20,RRQ
0.20251347124576569,0.606087863445282,-3.6942057590749755e-07,0.23688872158527374,0.5213140249252319,-0.023320680484175682,0.2512699365615845,0.4351533353328705,-0.0442991703748703,0.2529938817024231,0.36834093928337097,-0.06592527776956558,0.22231046855449677,0.3342762291431427,-0.08216304332017899,0.12049685418605804,0.33389514684677124,-0.021763363853096962,0.17218579351902008,0.27922961115837097,-0.06303226947784424,0.20967334508895874,0.33522313833236694,-0.08761022239923477,0.21725521981716156,0.3820008337497711,-0.09851998835802078,0.08559948951005936,0.3683920204639435,-0.027479849755764008,0.16817161440849304,0.33641546964645386,-0.06305010616779327,0.20768627524375916,0.40694934129714966,-0.07289130985736847,0.20450767874717712,0.4455433189868927,-0.07336825132369995,0.06901045888662338,0.42103222012519836,-0.03830064460635185,0.1627485752105713,0.408326119184494,-0.06972553580999374,0.19435352087020874,0.46593013405799866,-0.06581048667430878,0.18678028881549835,0.49476316571235657,-0.05667105317115784,0.066613107919693,0.48187556862831116,-0.05198174715042114,0.14046423137187958,0.4712565541267395,-0.06824243813753128,0.1674843430519104,0.5024385452270508,-0.06289460510015488,0.1615990251302719,0.5197275280952454,-0.0539059191942215,fist,RRQ_p20,RRQ
0.18690241873264313,0.5117524862289429,-4.0311240923074365e-07,0.22141703963279724,0.41496485471725464,-0.01907259225845337,0.23408421874046326,0.32116395235061646,-0.03943945840001106,0.23677599430084229,0.24658159911632538,-0.06179831549525261,0.2087673842906952,0.1957818865776062,-0.07783592492341995,0.10502957552671432,0.23817181587219238,-0.020778601989150047,0.15790389478206635,0.16426874697208405,-0.061237189918756485,0.19384533166885376,0.22695976495742798,-0.08053186535835266,0.19193874299526215,0.2730239927768707,-0.08790776878595352,0.07202092558145523,0.26461732387542725,-0.029520370066165924,0.15328282117843628,0.2082000970840454,-0.06529464572668076,0.19480319321155548,0.28589433431625366,-0.0695858970284462,0.1862858086824417,0.3201937973499298,-0.06552652269601822,0.056854672729969025,0.3056371212005615,-0.04309120401740074,0.1488586813211441,0.27038297057151794,-0.07602521777153015,0.18377284705638885,0.3382626175880432,-0.06591396778821945,0.1732424944639206,0.3699326813220978,-0.051965516060590744,0.05594053119421005,0.3550911843776703,-0.059168390929698944,0.12997235357761383,0.32919830083847046,-0.07636064291000366,0.15837311744689941,0.36853355169296265,-0.06727384775876999,0.15051484107971191,0.391557514667511,-0.055325448513031006,fist,RRQ_p20,RRQ
0.21420316398143768,0.721011221408844,-2.8463043122428644e-07,0.2416105419397354,0.6419273614883423,-0.02453368902206421,0.2533511817455292,0.5644052028656006,-0.048262327909469604,0.2524905800819397,0.5060780048370361,-0.07245044410228729,0.22316698729991913,0.48378294706344604,-0.09190216660499573,0.11897990107536316,0.4728558361530304,-0.026819517835974693,0.16916796565055847,0.4320622682571411,-0.07014060020446777,0.21174751222133636,0.47502830624580383,-0.09543398022651672,0.22759252786636353,0.5140929818153381,-0.10641986131668091,0.08428745716810226,0.5156792402267456,-0.03271472454071045,0.16756658256053925,0.4931568503379822,-0.06870704144239426,0.21188755333423615,0.5519781112670898,-0.07745746523141861,0.21267271041870117,0.5822766423225403,-0.07806605845689774,0.0696038231253624,0.5750533938407898,-0.04378844052553177,0.16584621369838715,0.5632950067520142,-0.07734570652246475,0.201839879155159,0.61195307970047,-0.07244496047496796,0.19816961884498596,0.6373425722122192,-0.0629134476184845,0.07010199129581451,0.6414773464202881,-0.05777993053197861,0.1431381106376648,0.6270011067390442,-0.07612216472625732,0.17504306137561798,0.6497862935066223,-0.07012753933668137,0.17368212342262268,0.6635462045669556,-0.06060691550374031,fist,RRQ_p20,RRQ
0.5384399890899658,0.6863677501678467,-1.9111605809030152e-07,0.6029448509216309,0.5999440550804138,-0.004499815870076418,0.6413650512695312,0.5188997983932495,-0.021441493183374405,0.680192232131958,0.4653715491294861,-0.0416945144534111,0.7182153463363647,0.4328603148460388,-0.058008965104818344,0.5545889735221863,0.41023969650268555,-0.03229014575481415,0.6535133719444275,0.38388004899024963,-0.061842430382966995,0.6652605533599854,0.4390926659107208,-0.0735805332660675,0.6469813585281372,0.46065589785575867,-0.08086724579334259,0.544143557548523,0.45870187878608704,-0.04857007786631584,0.6664367914199829,0.4440385699272156,-0.07513900846242905,0.6664785742759705,0.49927589297294617,-0.07353319972753525,0.6415655612945557,0.5119596719741821,-0.07320898026227951,0.5459529161453247,0.5188184380531311,-0.06615984439849854,0.6659799814224243,0.5150110125541687,-0.08835497498512268,0.6571809649467468,0.5598315596580505,-0.07524624466896057,0.6287407279014587,0.5665698051452637,-0.06710469722747803,0.5562393069267273,0.5823355317115784,-0.0850875973701477,0.6543087959289551,0.5718022584915161,-0.0959412157535553,0.6469928622245789,0.6027374267578125,-0.08585256338119507,0.6197097897529602,0.6113969087600708,-0.07947561144828796,fist,RRQ_p20,RRQ
0.4008640646934509,0.6650396585464478,-2.600549464659707e-07,0.4626138210296631,0.56084144115448,-0.008810240775346756,0.4917009770870209,0.48450225591659546,-0.026903776451945305,0.5112813711166382,0.42470502853393555,-0.047632355242967606,0.5122494101524353,0.3793098032474518,-0.06359321624040604,0.36692529916763306,0.36972713470458984,-0.028198963031172752,0.455926775932312,0.33173322677612305,-0.060168471187353134,0.47995203733444214,0.39436081051826477,-0.07363047450780869,0.4681681990623474,0.42460933327674866,-0.08038551360368729,0.3467613160610199,0.4097689390182495,-0.041932113468647,0.4622606933116913,0.389339804649353,-0.07303600013256073,0.48377731442451477,0.46167951822280884,-0.07597296684980392,0.46833041310310364,0.49162864685058594,-0.07542131096124649,0.3441961109638214,0.4685837924480438,-0.05732966959476471,0.46158069372177124,0.45754849910736084,-0.08575715869665146,0.4775966703891754,0.5228712558746338,-0.07583342492580414,0.4621434211730957,0.5542466640472412,-0.06564625352621078,0.3545818030834198,0.5349703431129456,-0.07409528642892838,0.4441482424736023,0.5248116254806519,-0.09025736898183823,0.4619520604610443,0.5676493048667908,-0.08212962001562119,0.453957200050354,0.5928424000740051,-0.07311967015266418,fist,RRQ_p20,RRQ
0.5535221695899963,0.7570874691009521,-6.095255571381131e-07,0.4789513051509857,0.6275458931922913,-0.025145776569843292,0.4300859868526459,0.5071564316749573,-0.05060115084052086,0.3803740441799164,0.43347615003585815,-0.07313951849937439,0.3451041579246521,0.37634891271591187,-0.08947522938251495,0.5611202120780945,0.4112231135368347,-0.056728873401880264,0.4177330732345581,0.40925541520118713,-0.09554959088563919,0.4093124568462372,0.48109471797943115,-0.11026561260223389,0.4440373182296753,0.49882417917251587,-0.11872292309999466,0.5865260362625122,0.479661762714386,-0.06619179993867874,0.41420215368270874,0.5035107135772705,-0.10424995422363281,0.4243312478065491,0.5664274096488953,-0.10417305678129196,0.46692150831222534,0.5715960264205933,-0.10320642590522766,0.5909121632575989,0.5659518837928772,-0.07853400707244873,0.42997416853904724,0.5956371426582336,-0.11045796424150467,0.4490533173084259,0.637779951095581,-0.09473861753940582,0.4927055835723877,0.6352401971817017,-0.08300469815731049,0.5825675129890442,0.6557839512825012,-0.09327520430088043,0.4612545073032379,0.6628101468086243,-0.1172272264957428,0.47401848435401917,0.6864034533500671,-0.11037526279687881,0.5131896138191223,0.6841930150985718,-0.10181399434804916,fist,RRQ_p20,RRQ
0.7653058767318726,0.6072418689727783,-2.729236712184502e-07,0.7028577327728271,0.5109933614730835,-0.05160674452781677,0.6537562608718872,0.4482531249523163,-0.10108814388513565,0.6032238006591797,0.4170796573162079,-0.14051184058189392,0.558601438999176,0.4075758755207062,-0.17423850297927856,0.7792433500289917,0.3803359866142273,-0.12248438596725464,0.6330071687698364,0.4346778988838196,-0.16876313090324402,0.6303548812866211,0.4819910228252411,-0.18581855297088623,0.6661729216575623,0.4797098934650421,-0.19615629315376282,0.8098738789558411,0.46478039026260376,-0.12531986832618713,0.6477282643318176,0.523266077041626,-0.1647217720746994,0.6566385626792908,0.5446408987045288,-0.16294743120670319,0.6979070901870728,0.5290871858596802,-0.16582199931144714,0.8198477029800415,0.5569888949394226,-0.12986448407173157,0.668956995010376,0.6076766848564148,-0.15812984108924866,0.6773113012313843,0.6126574873924255,-0.136185422539711,0.7122324705123901,0.5983132123947144,-0.12473230808973312,0.8192788362503052,0.6413204669952393,-0.14046955108642578,0.7018711566925049,0.6742919087409973,-0.16218580305576324,0.7082345485687256,0.6646684408187866,-0.15328852832317352,0.7417504787445068,0.6408588886260986,-0.14698460698127747,fist,RRQ_p20,RRQ
0.42491084337234497,0.6314137578010559,-5.853277116329991e-07,0.3929361402988434,0.507940411567688,-0.010545852594077587,0.32634708285331726,0.381043404340744,-0.03149370476603508,0.25098440051078796,0.2972102463245392,-0.05211932584643364,0.19913816452026367,0.22842901945114136,-0.06949722766876221,0.39074358344078064,0.337484210729599,-0.06015258654952049,0.23780283331871033,0.30621159076690674,-0.10855139046907425,0.2471010386943817,0.36930930614471436,-0.1255517303943634,0.2866455018520355,0.3911532461643219,-0.1307593137025833,0.38609281182289124,0.42337021231651306,-0.07447481155395508,0.219221293926239,0.40436694025993347,-0.11964309960603714,0.24619954824447632,0.448788046836853,-0.11619783192873001,0.2908039093017578,0.45353448390960693,-0.11172544956207275,0.3678677976131439,0.5085080862045288,-0.09038922935724258,0.21912869811058044,0.48392587900161743,-0.13344387710094452,0.2513734698295593,0.5224214792251587,-0.11160275340080261,0.29829832911491394,0.5267587900161743,-0.0918881893157959,0.3431074321269989,0.5888437032699585,-0.10576027631759644,0.23047244548797607,0.5544105172157288,-0.1382673680782318,0.2565712630748749,0.5790770053863525,-0.1274408996105194,0.2987191379070282,0.5851643085479736,-0.11397122591733932,fist,RRQ_p20,RRQ
0.6981995105743408,0.5952808260917664,-8.749260018703353e-07,0.6866114735603333,0.4444029629230499,-0.042342402040958405,0.7024792432785034,0.32470113039016724,-0.06986323744058609,0.717395544052124,0.23940597474575043,-0.09275231510400772,0.7402245998382568,0.16872313618659973,-0.10738474130630493,0.8747554421424866,0.33387744426727295,-0.05144353583455086,0.7788953185081482,0.23918122053146362,-0.0981522798538208,0.7202948927879333,0.2888529598712921,-0.12223638594150543,0.7136672139167786,0.34336334466934204,-0.13483594357967377,0.8893113732337952,0.41104066371917725,-0.05120270699262619,0.7465062141418457,0.32737553119659424,-0.09694629907608032,0.6971384882926941,0.3818758428096771,-0.10597378760576248,0.7079428434371948,0.42823800444602966,-0.10779672116041183,0.8729549646377563,0.4920910596847534,-0.05707033351063728,0.727390706539154,0.42664387822151184,-0.09663531184196472,0.6976928114891052,0.4671817719936371,-0.08682326972484589,0.7154207229614258,0.5021504163742065,-0.0755501314997673,0.8423786163330078,0.5681614279747009,-0.06784062087535858,0.7354636192321777,0.5136744976043701,-0.09716488420963287,0.7151429057121277,0.5312941074371338,-0.09516341984272003,0.7319783568382263,0.5543255805969238,-0.08695029467344284,fist,RRQ_p20,RRQ
0.31734880805015564,0.5822536945343018,-5.808138325846812e-07,0.2900778651237488,0.4579039216041565,-0.006486077792942524,0.2230270504951477,0.3190336227416992,-0.026232047006487846,0.13641421496868134,0.22907942533493042,-0.044631585478782654,0.07952362298965454,0.16495226323604584,-0.06126178801059723,0.27453333139419556,0.28656280040740967,-0.06656254827976227,0.12732376158237457,0.23495514690876007,-0.10793590545654297,0.13001608848571777,0.28934425115585327,-0.11919742077589035,0.16418413817882538,0.31406286358833313,-0.1216614842414856,0.2638269364833832,0.3756037652492523,-0.0816357284784317,0.09361232072114944,0.3262425363063812,-0.12127049267292023,0.11618512123823166,0.3689558804035187,-0.11536940932273865,0.16188202798366547,0.38440024852752686,-0.10954108089208603,0.24129287898540497,0.4628435969352722,-0.09591999650001526,0.08976263552904129,0.42137521505355835,-0.13546618819236755,0.12308316677808762,0.4578130841255188,-0.11263897269964218,0.17089293897151947,0.46823763847351074,-0.09280859678983688,0.21058231592178345,0.5445367693901062,-0.10853347927331924,0.09715275466442108,0.4996908903121948,-0.1385253518819809,0.12880150973796844,0.5253192186355591,-0.12499553710222244,0.17165911197662354,0.5336723327636719,-0.1108199805021286,fist,RRQ_p20,RRQ
0.3390789330005646,0.7602614760398865,-3.882336727656366e-07,0.3215774893760681,0.6446236968040466,-0.006196342408657074,0.24552294611930847,0.5294023752212524,-0.026590440422296524,0.15640614926815033,0.4730086326599121,-0.04383355379104614,0.09717060625553131,0.4474547803401947,-0.05977252125740051,0.2918469309806824,0.5587164759635925,-0.09220266342163086,0.13472238183021545,0.511794924736023,-0.1281844824552536,0.15699350833892822,0.5383093953132629,-0.13584093749523163,0.19688715040683746,0.5611761808395386,-0.13641251623630524,0.2819195091724396,0.6528595089912415,-0.10586469620466232,0.11646366864442825,0.5948920845985413,-0.1379619836807251,0.147822767496109,0.6062393188476562,-0.12997755408287048,0.1908484846353531,0.6245173215866089,-0.12600019574165344,0.26049357652664185,0.7351744174957275,-0.11594842374324799,0.11538118869066238,0.6790218949317932,-0.14245843887329102,0.14976446330547333,0.6891437768936157,-0.11692241579294205,0.1919299215078354,0.701391875743866,-0.09978146106004715,0.22873008251190186,0.8082097172737122,-0.12509022653102875,0.12192264944314957,0.7489711046218872,-0.14536535739898682,0.15244276821613312,0.7541797161102295,-0.12781617045402527,0.18941634893417358,0.7722099423408508,-0.11490712314844131,fist,RRQ_p20,RRQ
0.650238037109375,0.6583319306373596,-7.134625548133045e-07,0.6355466246604919,0.5006818771362305,-0.04398774355649948,0.6490353345870972,0.37492260336875916,-0.07538988441228867,0.6620320081710815,0.2861386835575104,-0.09948842972517014,0.6742473840713501,0.21787525713443756,-0.11574117839336395,0.8161921501159668,0.40106698870658875,-0.07898551970720291,0.7026121020317078,0.3048386573791504,-0.1254362016916275,0.6561992168426514,0.35941052436828613,-0.14516043663024902,0.6696860194206238,0.4034006893634796,-0.15593817830085754,0.8210867643356323,0.4790816307067871,-0.07971431314945221,0.6695125699043274,0.3944409191608429,-0.12394630163908005,0.6357542276382446,0.44635576009750366,-0.12616391479969025,0.6622862815856934,0.48541730642318726,-0.12574884295463562,0.7960031032562256,0.5600875020027161,-0.08462092280387878,0.6489133238792419,0.4933745265007019,-0.12093828618526459,0.632086992263794,0.5259116888046265,-0.1041259765625,0.6605921387672424,0.5557315349578857,-0.09045859426259995,0.7582798600196838,0.6344895958900452,-0.09442389756441116,0.6506869792938232,0.5791976451873779,-0.12303930521011353,0.6441671848297119,0.5926005840301514,-0.11820600181818008,0.6740046739578247,0.6127889156341553,-0.10926078259944916,fist,RRQ_p20,RRQ
0.6966162919998169,0.7664998173713684,6.613398682020488e-07,0.6216704249382019,0.7017099857330322,-0.04272141307592392,0.5713123083114624,0.6020854711532593,-0.07175152003765106,0.5394779443740845,0.5185757875442505,-0.09706791490316391,0.5030356645584106,0.4459967017173767,-0.1226668655872345,0.6468743085861206,0.4581216871738434,-0.05250445380806923,0.660796582698822,0.3305555582046509,-0.09011899679899216,0.6720457673072815,0.25457435846328735,-0.11985056847333908,0.68431156873703,0.18565255403518677,-0.14128592610359192,0.7004043459892273,0.46398648619651794,-0.057681191712617874,0.7166546583175659,0.3235836625099182,-0.08938376605510712,0.7263756394386292,0.2357373833656311,-0.11478850990533829,0.7341868281364441,0.15573784708976746,-0.13415950536727905,0.7466995716094971,0.496632844209671,-0.06787863373756409,0.7668771147727966,0.368659108877182,-0.09838764369487762,0.7768835425376892,0.2902285158634186,-0.11530216038227081,0.7826884984970093,0.21716591715812683,-0.12817591428756714,0.7898557782173157,0.5500180721282959,-0.08204308152198792,0.8101212978363037,0.4584225118160248,-0.10938214510679245,0.819119930267334,0.3975811004638672,-0.1194537803530693,0.8233869671821594,0.33794498443603516,-0.1265527606010437,open_palm,RRQ_p20,RRQ
0.29392918944358826,0.6839889287948608,7.79389381477813e-07,0.2086985856294632,0.656489372253418,-0.03488847613334656,0.1375889778137207,0.5797289609909058,-0.06473760306835175,0.08503425121307373,0.5174065828323364,-0.0924018993973732,0.029862403869628906,0.4664178192615509,-0.12278971821069717,0.1713399440050125,0.45821186900138855,-0.07607609033584595,0.15963511168956757,0.33777928352355957,-0.12436523288488388,0.1582057774066925,0.2657419443130493,-0.15723565220832825,0.1588331162929535,0.19645297527313232,-0.18150465190410614,0.21179744601249695,0.4617202579975128,-0.09058559685945511,0.20671407878398895,0.3344569206237793,-0.1385018676519394,0.2023361325263977,0.24999362230300903,-0.1703278124332428,0.19768089056015015,0.16841214895248413,-0.19440335035324097,0.2535296082496643,0.4934101998806,-0.10812392830848694,0.2577088177204132,0.37469613552093506,-0.1559695303440094,0.25642335414886475,0.2959229052066803,-0.18132749199867249,0.2498546838760376,0.21905645728111267,-0.19948020577430725,0.2950119376182556,0.5437231659889221,-0.12748117744922638,0.3035491704940796,0.45810651779174805,-0.1711985319852829,0.30181849002838135,0.39846593141555786,-0.191213920712471,0.2952752113342285,0.33883291482925415,-0.2060600221157074,open_palm,RRQ_p20,RRQ
0.48904359340667725,0.6436617970466614,6.354133574859588e-07,0.43327751755714417,0.601759672164917,-0.030890412628650665,0.38927435874938965,0.5375272035598755,-0.056583259254693985,0.3541479706764221,0.48228296637535095,-0.07954828441143036,0.31806015968322754,0.4343523383140564,-0.10397917777299881,0.43649446964263916,0.4439096450805664,-0.0566510334610939,0.44335561990737915,0.34472858905792236,-0.09264564514160156,0.4499271810054779,0.284473717212677,-0.11791211366653442,0.4575727581977844,0.22922220826148987,-0.1356688141822815,0.4742240607738495,0.45149558782577515,-0.0640593022108078,0.48465755581855774,0.34585973620414734,-0.09752583503723145,0.49132537841796875,0.27729135751724243,-0.11977369338274002,0.49561262130737305,0.21348965167999268,-0.13554000854492188,0.5083321928977966,0.4802780747413635,-0.07403181493282318,0.5215581655502319,0.3831321895122528,-0.10686251521110535,0.528906524181366,0.32218658924102783,-0.12263041734695435,0.5315373539924622,0.263651967048645,-0.1328912377357483,0.5398961901664734,0.5226550102233887,-0.08586414158344269,0.556071400642395,0.457408607006073,-0.11557112634181976,0.5615777373313904,0.4119260907173157,-0.1265348494052887,0.5616775751113892,0.36722755432128906,-0.13322784006595612,open_palm,RRQ_p20,RRQ
0.6426767706871033,0.5190767049789429,5.676250225405965e-07,0.5915191769599915,0.4713671803474426,-0.03290038928389549,0.5530092120170593,0.4011303782463074,-0.05776220187544823,0.5244730710983276,0.34027281403541565,-0.0797123908996582,0.4924871325492859,0.2908537983894348,-0.10273894667625427,0.60945725440979,0.3033454418182373,-0.04946758970618248,0.6197385191917419,0.20445036888122559,-0.08222963660955429,0.6292706727981567,0.14526015520095825,-0.10707162320613861,0.6390640735626221,0.09085814654827118,-0.12471878528594971,0.6491660475730896,0.30830371379852295,-0.054216958582401276,0.6637123227119446,0.20241297781467438,-0.08381076157093048,0.6722007989883423,0.1342783421278,-0.10555131733417511,0.677954912185669,0.07042250037193298,-0.12126794457435608,0.6839912533760071,0.33299553394317627,-0.06201372295618057,0.7009989023208618,0.23833337426185608,-0.08973127603530884,0.7093139886856079,0.17676562070846558,-0.10417691618204117,0.714011549949646,0.11779992282390594,-0.11430393904447556,0.7154129147529602,0.3722690939903259,-0.07238611578941345,0.7318416237831116,0.30685779452323914,-0.0964525043964386,0.7395738363265991,0.2616058886051178,-0.1048586294054985,0.744005560874939,0.2158401608467102,-0.11032462865114212,open_palm,RRQ_p20,RRQ
0.6185383796691895,0.6010738015174866,6.256839242269052e-07,0.5642979145050049,0.5535606145858765,-0.026673778891563416,0.5148383378982544,0.5016407370567322,-0.048220228403806686,0.466278612613678,0.4738648235797882,-0.06874420493841171,0.4219158887863159,0.46001026034355164,-0.09111099690198898,0.5889136791229248,0.37155255675315857,-0.03625379875302315,0.5893038511276245,0.273611843585968,-0.05792609974741936,0.592218816280365,0.214316263794899,-0.07510025054216385,0.596311092376709,0.16436965763568878,-0.08847247064113617,0.6325188279151917,0.37640702724456787,-0.04349261149764061,0.6530227661132812,0.27328723669052124,-0.061130326241254807,0.6644095182418823,0.20847027003765106,-0.07766550779342651,0.6743521690368652,0.15541984140872955,-0.09117455035448074,0.6677385568618774,0.4058825969696045,-0.05400758236646652,0.702162504196167,0.31981974840164185,-0.0765247642993927,0.7203181982040405,0.2647643983364105,-0.09472262859344482,0.7354491353034973,0.21418163180351257,-0.10829257220029831,0.6936213970184326,0.45370790362358093,-0.06645286083221436,0.7385581135749817,0.41429853439331055,-0.08987145870923996,0.7677885293960571,0.38397017121315,-0.10113029181957245,0.7935338020324707,0.3514489531517029,-0.10882692784070969,open_palm,RRQ_p20,RRQ
0.5473454594612122,0.8221850395202637,7.616207540195319e-07,0.4986126124858856,0.7760241031646729,-0.03425205498933792,0.44911497831344604,0.7285184860229492,-0.06579259783029556,0.39556893706321716,0.7049326300621033,-0.09520223736763,0.3461284041404724,0.6942548751831055,-0.12774312496185303,0.5285782217979431,0.6008269786834717,-0.06338566541671753,0.537009060382843,0.49508726596832275,-0.09310922026634216,0.5458651185035706,0.43095606565475464,-0.11430750042200089,0.5551424622535706,0.37467849254608154,-0.130062997341156,0.574589192867279,0.6123816967010498,-0.07001838088035583,0.6044303178787231,0.5036489963531494,-0.09423092007637024,0.6234619617462158,0.43537265062332153,-0.11306106299161911,0.6405138969421387,0.37811991572380066,-0.12878483533859253,0.6102184057235718,0.649176836013794,-0.07901064306497574,0.6526742577552795,0.5599109530448914,-0.10423059016466141,0.6775827407836914,0.5029085278511047,-0.12269392609596252,0.697455644607544,0.4517391324043274,-0.13715378940105438,0.6351261138916016,0.7011162638664246,-0.09029922634363174,0.6809817552566528,0.652911901473999,-0.11439581960439682,0.7118901014328003,0.6200146079063416,-0.12461238354444504,0.7387869954109192,0.5857625603675842,-0.1322607696056366,open_palm,RRQ_p20,RRQ
0.35466426610946655,0.7777349352836609,1.002001340566494e-06,0.28674769401550293,0.7372199296951294,-0.0414876751601696,0.22587528824806213,0.7015908360481262,-0.08605394512414932,0.15862062573432922,0.6809213161468506,-0.1280270218849182,0.09220805764198303,0.6616986989974976,-0.1752488911151886,0.29249805212020874,0.5572077035903931,-0.10118827223777771,0.28614211082458496,0.436428040266037,-0.15263201296329498,0.2851513624191284,0.3570346236228943,-0.18784822523593903,0.2867693305015564,0.2844958007335663,-0.2139899730682373,0.339450865983963,0.573345959186554,-0.11596885323524475,0.3645954132080078,0.4504795968532562,-0.16552510857582092,0.3822513520717621,0.36654287576675415,-0.19762741029262543,0.39975401759147644,0.2900433838367462,-0.2225467562675476,0.3772353529930115,0.6213806867599487,-0.13267624378204346,0.4217488467693329,0.5215739607810974,-0.18539558351039886,0.4505496323108673,0.4496511220932007,-0.21469268202781677,0.472053587436676,0.3778006136417389,-0.2355964034795761,0.405038058757782,0.6889967918395996,-0.15082508325576782,0.45705336332321167,0.6382978558540344,-0.20132753252983093,0.4926678538322449,0.598888635635376,-0.22143946588039398,0.5226417779922485,0.5544843673706055,-0.23525550961494446,open_palm,RRQ_p20,RRQ
0.30893176794052124,0.8430231809616089,9.365049891130184e-07,0.38732394576072693,0.7965249419212341,-0.048904720693826675,0.4605115056037903,0.7332340478897095,-0.08266790211200714,0.5337734222412109,0.7102986574172974,-0.11477937549352646,0.6013588905334473,0.7039717435836792,-0.1484249085187912,0.39174753427505493,0.5360713601112366,-0.0604005828499794,0.4265860319137573,0.4100233316421509,-0.09723968803882599,0.4395791292190552,0.3301132321357727,-0.12396107614040375,0.4458831548690796,0.2597695291042328,-0.14381490647792816,0.3285997211933136,0.526837944984436,-0.06580622494220734,0.33249297738075256,0.37792742252349854,-0.0981014296412468,0.3304794430732727,0.2834872305393219,-0.12265487015247345,0.32386866211891174,0.20884212851524353,-0.14051498472690582,0.2707509398460388,0.5595029592514038,-0.0764327421784401,0.2445293664932251,0.42986518144607544,-0.10963398963212967,0.23151659965515137,0.34084784984588623,-0.13627324998378754,0.22181732952594757,0.2604884207248688,-0.1544821411371231,0.2197568416595459,0.624040424823761,-0.09139030426740646,0.16829106211662292,0.5512453317642212,-0.12501364946365356,0.13542382419109344,0.4963603913784027,-0.14277125895023346,0.10955239832401276,0.4371722340583801,-0.15381880104541779,open_palm,RRQ_p20,RRQ
0.2724454402923584,0.631276547908783,7.266175430231669e-07,0.3118983507156372,0.5949526429176331,-0.03489232435822487,0.350101500749588,0.5540818572044373,-0.05950970947742462,0.39381009340286255,0.5383461713790894,-0.08244796842336655,0.43510162830352783,0.5373188257217407,-0.10564444959163666,0.3080826997756958,0.4219842553138733,-0.04121224582195282,0.33108940720558167,0.3397766947746277,-0.06581991910934448,0.33932971954345703,0.287873774766922,-0.08415855467319489,0.3430999219417572,0.24403683841228485,-0.09744374454021454,0.266202449798584,0.41586175560951233,-0.04207511991262436,0.2669662833213806,0.31967371702194214,-0.061725642532110214,0.26621896028518677,0.26092010736465454,-0.07590167969465256,0.26420748233795166,0.21422836184501648,-0.08598130196332932,0.22875985503196716,0.43614518642425537,-0.04673386737704277,0.2084353268146515,0.3544418513774872,-0.06544554233551025,0.1994384527206421,0.3003687262535095,-0.08089128136634827,0.19450509548187256,0.2522406578063965,-0.09145411849021912,0.19674518704414368,0.4770667254924774,-0.054717689752578735,0.1613505482673645,0.4336376190185547,-0.07282216846942902,0.13929173350334167,0.4025458097457886,-0.08238842338323593,0.12298621237277985,0.36766672134399414,-0.0882330909371376,open_palm,RRQ_p20,RRQ
0.42820534110069275,0.5711460709571838,4.904042043563095e-07,0.4744401276111603,0.5411726832389832,-0.025464439764618874,0.518246591091156,0.5005250573158264,-0.04241137579083443,0.562066912651062,0.4804007411003113,-0.059054937213659286,0.6013063192367554,0.4785647988319397,-0.07625538110733032,0.49038687348365784,0.3789514899253845,-0.025204280391335487,0.5102199912071228,0.3040153384208679,-0.04314057156443596,0.5184856653213501,0.2569703161716461,-0.057681240141391754,0.5241638422012329,0.21570825576782227,-0.06909641623497009,0.45632776618003845,0.3706558346748352,-0.02858745865523815,0.45787689089775085,0.28459805250167847,-0.04415695369243622,0.4576267898082733,0.2310347855091095,-0.05760114639997482,0.45502743124961853,0.18863077461719513,-0.06750199943780899,0.42461958527565,0.3849574327468872,-0.03505070507526398,0.41131919622421265,0.30791935324668884,-0.050887346267700195,0.4045366644859314,0.2569841742515564,-0.06406644731760025,0.3999221920967102,0.21235670149326324,-0.07337486743927002,0.3959577679634094,0.4178623855113983,-0.04418841376900673,0.37142354249954224,0.37114202976226807,-0.06023424118757248,0.3569852113723755,0.3359236717224121,-0.06872483342885971,0.34666234254837036,0.30034148693084717,-0.07395482063293457,open_palm,RRQ_p20,RRQ
0.6278076767921448,0.613023042678833,2.9460235850820027e-07,0.6852027177810669,0.5939391255378723,-0.019546108320355415,0.7351550459861755,0.5605720281600952,-0.03630609065294266,0.7832503914833069,0.5504803657531738,-0.0534195639193058,0.8230591416358948,0.549810528755188,-0.07295539975166321,0.7173972129821777,0.4423472285270691,-0.03447849303483963,0.7398083806037903,0.3651420772075653,-0.058068111538887024,0.7519848942756653,0.3163433372974396,-0.07629978656768799,0.7630364894866943,0.2732503116130829,-0.09068702161312103,0.6915700435638428,0.4404100477695465,-0.04423682391643524,0.6961934566497803,0.3483883738517761,-0.06606270372867584,0.6985744833946228,0.2909724712371826,-0.08494587987661362,0.6998206973075867,0.24117174744606018,-0.09995707124471664,0.6639204025268555,0.4636523723602295,-0.05568728968501091,0.6590287089347839,0.38206344842910767,-0.0778951570391655,0.6568019390106201,0.3339948058128357,-0.09451305866241455,0.656696081161499,0.28835004568099976,-0.10715947300195694,0.6374134421348572,0.5044857263565063,-0.06869674474000931,0.6210082769393921,0.45478230714797974,-0.0916939377784729,0.6148070693016052,0.4225442111492157,-0.10341809689998627,0.6120307445526123,0.3896118402481079,-0.11152008920907974,open_palm,RRQ_p20,RRQ
0.2492879331111908,0.654229998588562,3.4396219916743576e-07,0.3048744797706604,0.5986865162849426,-0.01809001713991165,0.34429997205734253,0.5159536600112915,-0.026362592354416847,0.3728131651878357,0.45365506410598755,-0.03532890975475311,0.3982751965522766,0.41188332438468933,-0.04561726376414299,0.28881850838661194,0.40104255080223083,-0.014563594944775105,0.28516215085983276,0.3098636567592621,-0.033224593847990036,0.2771862745285034,0.25223487615585327,-0.05038180202245712,0.2691965401172638,0.1989995539188385,-0.06453133374452591,0.25315308570861816,0.4021012783050537,-0.022963736206293106,0.2467964142560959,0.2971307039260864,-0.04196568951010704,0.24021226167678833,0.22869040071964264,-0.06115131452679634,0.23334744572639465,0.1680385172367096,-0.07600697129964828,0.22106552124023438,0.42386606335639954,-0.03419169783592224,0.21052730083465576,0.324384868144989,-0.05444788932800293,0.20935219526290894,0.2609736919403076,-0.06961686164140701,0.20867089927196503,0.20168055593967438,-0.08091200143098831,0.18912909924983978,0.4618591070175171,-0.047432150691747665,0.1805838942527771,0.38878852128982544,-0.06756412982940674,0.1847139596939087,0.3419601321220398,-0.07709114998579025,0.19051706790924072,0.2955739200115204,-0.08382958173751831,open_palm,RRQ_p20,RRQ
0.1921234279870987,0.6424680948257446,4.3365002966311295e-07,0.2480410933494568,0.589591383934021,-0.030117744579911232,0.2934516966342926,0.5159404873847961,-0.04630085825920105,0.32522958517074585,0.45537376403808594,-0.061061348766088486,0.35640791058540344,0.4144572615623474,-0.07625360041856766,0.23149579763412476,0.395721435546875,-0.024636289104819298,0.2257128655910492,0.3042909502983093,-0.045937079936265945,0.21489401161670685,0.24891936779022217,-0.06530001014471054,0.20455628633499146,0.1972423642873764,-0.0802512913942337,0.1910398006439209,0.39651623368263245,-0.0271050576120615,0.18035505712032318,0.2916005849838257,-0.04628217965364456,0.17058387398719788,0.22659119963645935,-0.06562836468219757,0.16181495785713196,0.16844969987869263,-0.0802721157670021,0.1555050015449524,0.4171900153160095,-0.03315264359116554,0.14122222363948822,0.32027778029441833,-0.05206294357776642,0.136185884475708,0.25915950536727905,-0.06631718575954437,0.13218456506729126,0.2023494392633438,-0.0766330286860466,0.12129642069339752,0.4540483057498932,-0.042305056005716324,0.10863861441612244,0.3819081485271454,-0.058980584144592285,0.10770482569932938,0.3356664478778839,-0.06591270864009857,0.10891522467136383,0.2891887426376343,-0.07056894153356552,open_palm,RRQ_p20,RRQ
0.33852243423461914,0.6735609769821167,2.645745098561747e-07,0.3992217481136322,0.6285420060157776,-0.017580905929207802,0.440326452255249,0.5497193932533264,-0.025770483538508415,0.4689120352268219,0.4864147901535034,-0.03453831374645233,0.49585869908332825,0.4405965507030487,-0.04472765326499939,0.40552952885627747,0.4395046532154083,-0.01577715016901493,0.4078528881072998,0.34880927205085754,-0.0355580635368824,0.4052910804748535,0.2934252619743347,-0.05250542238354683,0.4023696184158325,0.24220602214336395,-0.0659988522529602,0.3723605275154114,0.43583598732948303,-0.02386575937271118,0.3751782774925232,0.33314216136932373,-0.043356072157621384,0.3748137354850769,0.26888900995254517,-0.062228113412857056,0.37391719222068787,0.2103171944618225,-0.07662270963191986,0.33958765864372253,0.4530300796031952,-0.03469312936067581,0.33896952867507935,0.35566478967666626,-0.055317286401987076,0.34182706475257874,0.2953781485557556,-0.07007396221160889,0.34473127126693726,0.23790676891803741,-0.08084012567996979,0.30501633882522583,0.4860721230506897,-0.04717499017715454,0.30432045459747314,0.4129088819026947,-0.06703858822584152,0.31061220169067383,0.3668355345726013,-0.07603871077299118,0.3172587454319,0.3212454319000244,-0.08230523020029068,open_palm,RRQ_p20,RRQ
0.2622515559196472,0.6593077182769775,3.595178270643373e-07,0.31879672408103943,0.6032840013504028,-0.022797906771302223,0.3625575602054596,0.5192421674728394,-0.033750269562006,0.39412161707878113,0.4516395926475525,-0.04492685943841934,0.4245632290840149,0.4066173732280731,-0.05714971199631691,0.3125229775905609,0.39933502674102783,-0.017485732212662697,0.30903634428977966,0.30442315340042114,-0.03779991343617439,0.30089071393013,0.24400322139263153,-0.05648248642683029,0.2937057912349701,0.18903376162052155,-0.07150937616825104,0.27156540751457214,0.39763057231903076,-0.02435203641653061,0.265273779630661,0.2879830002784729,-0.04415106028318405,0.25924214720726013,0.2175108790397644,-0.06437678635120392,0.2545704245567322,0.1560738980770111,-0.08003511279821396,0.2340443879365921,0.4176086485385895,-0.034565817564725876,0.2237878143787384,0.3153116703033447,-0.0548243448138237,0.2217804193496704,0.24924899637699127,-0.07071381062269211,0.22172576189041138,0.18788936734199524,-0.08264847844839096,0.19557209312915802,0.4553596079349518,-0.047297149896621704,0.1850532591342926,0.3775146007537842,-0.0667824074625969,0.1867021918296814,0.326252281665802,-0.07651811838150024,0.19178517162799835,0.27451732754707336,-0.08354286104440689,open_palm,RRQ_p20,RRQ
0.23627999424934387,0.7536057829856873,-2.9752752084277745e-07,0.26213446259498596,0.6280075907707214,-0.041198983788490295,0.25712186098098755,0.5140813589096069,-0.06869342923164368,0.2551913559436798,0.427601158618927,-0.09215760231018066,0.2506965696811676,0.33994024991989136,-0.11284713447093964,0.12749788165092468,0.5552140474319458,-0.07712891697883606,0.2532135248184204,0.5354072451591492,-0.11831409484148026,0.26503613591194153,0.5665389895439148,-0.14139162003993988,0.23260079324245453,0.581595242023468,-0.1598949432373047,0.11620772629976273,0.6506155133247375,-0.07978632301092148,0.27487796545028687,0.6127267479896545,-0.11282205581665039,0.2748863101005554,0.6289436221122742,-0.11960935592651367,0.23731742799282074,0.6401857137680054,-0.13058961927890778,0.13272373378276825,0.7367401123046875,-0.08545411378145218,0.2798188626766205,0.6956645250320435,-0.11606576293706894,0.27920734882354736,0.701824426651001,-0.1060132160782814,0.24262475967407227,0.7065936923027039,-0.10241100192070007,0.16031402349472046,0.812510073184967,-0.09675759077072144,0.2747259736061096,0.7673895359039307,-0.1275971531867981,0.27839311957359314,0.7590267658233643,-0.12985874712467194,0.2502049505710602,0.7612398862838745,-0.13032713532447815,thumbs_up,RRQ_p20,RRQ
0.5187165141105652,0.7084177732467651,-3.4647595725800784e-07,0.5272241234779358,0.61250239610672,-0.019112393260002136,0.5761007070541382,0.5030211210250854,-0.041466981172561646,0.6167993545532227,0.42678239941596985,-0.058339688926935196,0.6246472597122192,0.3546708822250366,-0.0700281485915184,0.5483962893486023,0.5333409905433655,-0.09262954443693161,0.6605732440948486,0.482168972492218,-0.12920810282230377,0.644240140914917,0.5156964063644409,-0.13647986948490143,0.6092992424964905,0.5345062613487244,-0.1358094960451126,0.5637074112892151,0.6092485189437866,-0.09683942794799805,0.6856037378311157,0.5485554933547974,-0.12426780164241791,0.6587406992912292,0.5746766924858093,-0.11190812289714813,0.6183128356933594,0.5969145894050598,-0.10353078693151474,0.5860437154769897,0.6758505702018738,-0.09960490465164185,0.6925901174545288,0.6110361218452454,-0.11445838958024979,0.6621904373168945,0.6319265365600586,-0.08534731715917587,0.6250913143157959,0.6534748673439026,-0.06787452846765518,0.6108213663101196,0.733193039894104,-0.10377247631549835,0.6850031614303589,0.6726060509681702,-0.10758146643638611,0.656405508518219,0.6852295398712158,-0.08622731268405914,0.6216996908187866,0.70335453748703,-0.07343921810388565,thumbs_up,RRQ_p20,RRQ
0.22479796409606934,0.5881825685501099,-3.5246142715550377e-07,0.2307620346546173,0.4559440612792969,-0.02193930186331272,0.2107771337032318,0.35040611028671265,-0.04159822314977646,0.2009136974811554,0.2707468271255493,-0.06160573288798332,0.19946913421154022,0.1959936022758484,-0.0776267871260643,0.07768593728542328,0.3668624758720398,-0.038727689534425735,0.17086198925971985,0.318609356880188,-0.07758264988660812,0.21003293991088867,0.3569352328777313,-0.10083528608083725,0.20120222866535187,0.3809584975242615,-0.11717194318771362,0.06926259398460388,0.44057196378707886,-0.047094035893678665,0.19497758150100708,0.3880789279937744,-0.08316279202699661,0.22247332334518433,0.4198264479637146,-0.09463530778884888,0.20308801531791687,0.4381721615791321,-0.10441632568836212,0.08480296283960342,0.5120396018028259,-0.058662716299295425,0.20305727422237396,0.4631575644016266,-0.09097952395677567,0.2226194143295288,0.4873567521572113,-0.08998611569404602,0.19964152574539185,0.5050138235092163,-0.08946540951728821,0.11009623110294342,0.5771346688270569,-0.07316999137401581,0.20115429162979126,0.5364761352539062,-0.09679616987705231,0.21706166863441467,0.5382998585700989,-0.09936115145683289,0.1979667842388153,0.5456364750862122,-0.09963009506464005,thumbs_up,RRQ_p20,RRQ
0.6946088671684265,0.660761296749115,-4.0693106484468444e-07,0.7233208417892456,0.5510916709899902,-0.016963863745331764,0.7922356724739075,0.4487558603286743,-0.03715112805366516,0.8458439707756042,0.3768354654312134,-0.05124809592962265,0.8664941787719727,0.303877592086792,-0.05947740375995636,0.7766644954681396,0.47870075702667236,-0.09224767237901688,0.9082082509994507,0.4421396851539612,-0.12440324574708939,0.8779805898666382,0.4694640338420868,-0.12416531145572662,0.8354910612106323,0.4883321225643158,-0.11710260808467865,0.7916792631149292,0.5661163926124573,-0.09445853531360626,0.9245061874389648,0.5150176882743835,-0.11920881271362305,0.8915857076644897,0.5331477522850037,-0.10426031053066254,0.8479331135749817,0.551135778427124,-0.0922880545258522,0.8093048930168152,0.6445971727371216,-0.09399949014186859,0.9282050132751465,0.5882129073143005,-0.10659949481487274,0.8932045698165894,0.5967565774917603,-0.07560545951128006,0.852664053440094,0.6105480194091797,-0.055433664470911026,0.8258917927742004,0.708827018737793,-0.094157375395298,0.9082534909248352,0.6547446250915527,-0.09632983803749084,0.8796536326408386,0.6560907363891602,-0.07357207685709,0.8469132781028748,0.6676608920097351,-0.05872311443090439,thumbs_up,RRQ_p20,RRQ
0.46131956577301025,0.683093249797821,-2.406067665106093e-07,0.47745102643966675,0.5931026935577393,-0.020008854568004608,0.5282185673713684,0.4990113377571106,-0.03997860103845596,0.5635968446731567,0.4344870150089264,-0.05426621809601784,0.5694127082824707,0.36968594789505005,-0.06286484748125076,0.5055791139602661,0.5470910668373108,-0.08508262038230896,0.610368013381958,0.5167421102523804,-0.116721972823143,0.5875833630561829,0.5243222117424011,-0.11912449449300766,0.5512262582778931,0.5319733619689941,-0.11425135284662247,0.5113799571990967,0.6175352334976196,-0.08595941215753555,0.6231511831283569,0.5732382535934448,-0.11256061494350433,0.5959097146987915,0.5726430416107178,-0.09957212954759598,0.5602037310600281,0.5870054364204407,-0.08826842159032822,0.5238961577415466,0.6764616966247559,-0.0856851115822792,0.6221916079521179,0.6312029957771301,-0.09945867955684662,0.5940853357315063,0.6270215511322021,-0.07285798341035843,0.5622670650482178,0.6404826045036316,-0.05434928461909294,0.5390273332595825,0.724294126033783,-0.08683352172374725,0.6142274141311646,0.6783831715583801,-0.08575862646102905,0.5909799337387085,0.6714724898338318,-0.06461523473262787,0.5614058971405029,0.6842491626739502,-0.051332175731658936,thumbs_up,RRQ_p20,RRQ
0.22747409343719482,0.5817636251449585,-1.4051011021365412e-07,0.23972605168819427,0.4642232358455658,-0.030122771859169006,0.23096540570259094,0.34488993883132935,-0.05771354213356972,0.23236596584320068,0.25299638509750366,-0.08130401372909546,0.22379635274410248,0.1703415960073471,-0.09924150258302689,0.12302366644144058,0.374702125787735,-0.08004744350910187,0.23042981326580048,0.3080149292945862,-0.11842252314090729,0.2476981282234192,0.35456418991088867,-0.13175585865974426,0.2200232595205307,0.3864208459854126,-0.14178477227687836,0.13250499963760376,0.4505874812602997,-0.08764350414276123,0.2623850703239441,0.3729057013988495,-0.1251753270626068,0.2610529661178589,0.4201808273792267,-0.12677857279777527,0.23449264466762543,0.44371652603149414,-0.1326310634613037,0.1619340032339096,0.5183145999908447,-0.0970841571688652,0.2869532108306885,0.4487725496292114,-0.12516051530838013,0.27649569511413574,0.49343523383140564,-0.11197033524513245,0.24722586572170258,0.5153375864028931,-0.10749401152133942,0.19708967208862305,0.5749169588088989,-0.11053168773651123,0.29035794734954834,0.5164473652839661,-0.13200314342975616,0.2782961130142212,0.5437180399894714,-0.1319091022014618,0.24810126423835754,0.5673427581787109,-0.13419291377067566,thumbs_up,RRQ_p20,RRQ
0.25913336873054504,0.726628303527832,-1.6871447883204382e-07,0.24873121082782745,0.6371452212333679,-0.04010649397969246,0.2331828474998474,0.5607572197914124,-0.07554561644792557,0.2288433164358139,0.49601203203201294,-0.10723947733640671,0.23169222474098206,0.4248093366622925,-0.1359058916568756,0.10953200608491898,0.6375393867492676,-0.07514902949333191,0.2064700722694397,0.5952028036117554,-0.11728780716657639,0.23730410635471344,0.5929813385009766,-0.14424122869968414,0.23124921321868896,0.5971949696540833,-0.16341720521450043,0.1270480751991272,0.7212152481079102,-0.07631383091211319,0.2614361047744751,0.6452678442001343,-0.10796625167131424,0.2700520157814026,0.6297111511230469,-0.11650271713733673,0.24584326148033142,0.6343779563903809,-0.1261199414730072,0.1619674563407898,0.7851161956787109,-0.08021696656942368,0.2872832417488098,0.6993147730827332,-0.10517024248838425,0.28750085830688477,0.6763516068458557,-0.09675756096839905,0.2596448063850403,0.6786903142929077,-0.09233896434307098,0.20347720384597778,0.8352483510971069,-0.08999419957399368,0.29251861572265625,0.7527279853820801,-0.11258738487958908,0.29507288336753845,0.7271091938018799,-0.11184494942426682,0.2724709212779999,0.7245362401008606,-0.1086578518152237,thumbs_up,RRQ_p20,RRQ
0.558542013168335,0.7617795467376709,-4.94714072374336e-07,0.5116925239562988,0.6630944609642029,-0.06401973962783813,0.4880525767803192,0.5508722066879272,-0.10608331114053726,0.4828370213508606,0.4642515778541565,-0.13572725653648376,0.4943671226501465,0.36146917939186096,-0.15908844769001007,0.6089751124382019,0.5847125053405762,-0.11047843098640442,0.4863456189632416,0.636771559715271,-0.1564512699842453,0.4906456768512726,0.6355561017990112,-0.18120133876800537,0.5315515995025635,0.6209713220596313,-0.19766736030578613,0.6489760875701904,0.679344654083252,-0.10033831000328064,0.48950207233428955,0.7352429032325745,-0.13335789740085602,0.5113491415977478,0.7066670060157776,-0.13266104459762573,0.5552330017089844,0.6801422834396362,-0.13439390063285828,0.6630443334579468,0.767535388469696,-0.09318501502275467,0.5108785629272461,0.802243709564209,-0.12497853487730026,0.529831051826477,0.775775671005249,-0.09331485629081726,0.5732575058937073,0.7523337006568909,-0.06911803036928177,0.6596912741661072,0.8416273593902588,-0.09438447654247284,0.5452250242233276,0.8581560850143433,-0.13058890402317047,0.5572544932365417,0.8367226123809814,-0.12069255113601685,0.593746542930603,0.8177781701087952,-0.1056179627776146,thumbs_up,RRQ_p20,RRQ
0.41313695907592773,0.712042510509491,-1.2159618734131072e-07,0.3565487265586853,0.6232867240905762,-0.01402788981795311,0.26659703254699707,0.539147675037384,-0.04780731350183487,0.21013225615024567,0.4710274338722229,-0.07807694375514984,0.19050395488739014,0.3820538818836212,-0.10920102149248123,0.29726240038871765,0.575164794921875,-0.11913985013961792,0.15609538555145264,0.6350523233413696,-0.16309234499931335,0.18278250098228455,0.6255819797515869,-0.17311878502368927,0.2277643233537674,0.6092535257339478,-0.17405632138252258,0.3264458477497101,0.6608045697212219,-0.13127301633358002,0.17150133848190308,0.7184262275695801,-0.17459255456924438,0.204462468624115,0.6985796689987183,-0.1673482060432434,0.25395873188972473,0.6822420954704285,-0.161610409617424,0.3458852171897888,0.7411314249038696,-0.13979361951351166,0.20259225368499756,0.7870149612426758,-0.1729157567024231,0.23373553156852722,0.7664947509765625,-0.14657382667064667,0.27811166644096375,0.7467839121818542,-0.12733136117458344,0.3547942042350769,0.8132810592651367,-0.14788326621055603,0.2451632022857666,0.8356742262840271,-0.17320173978805542,0.26849108934402466,0.8116366863250732,-0.15771684050559998,0.3059246838092804,0.7956105470657349,-0.14509464800357819,thumbs_up,RRQ_p20,RRQ
0.814176619052887,0.5983244776725769,-8.026899536162091e-07,0.7689070105552673,0.49497953057289124,-0.06255258619785309,0.7826768755912781,0.38212502002716064,-0.08949584513902664,0.8078541159629822,0.30498969554901123,-0.10462067276239395,0.8259103298187256,0.22119590640068054,-0.11143233627080917,0.9090694189071655,0.38883334398269653,-0.07014589756727219,0.8132460713386536,0.43146660923957825,-0.10324486345052719,0.7767049670219421,0.4584294557571411,-0.11475257575511932,0.7946248054504395,0.4536832273006439,-0.12279398739337921,0.9468886852264404,0.4602307975292206,-0.057332057505846024,0.8296443223953247,0.5075216293334961,-0.09068107604980469,0.795945942401886,0.5128349661827087,-0.09444011747837067,0.8121679425239563,0.4972056746482849,-0.09614372253417969,0.9589196443557739,0.5341202020645142,-0.05023615434765816,0.8469195365905762,0.565722644329071,-0.08675940334796906,0.8179418444633484,0.5659372806549072,-0.07678156346082687,0.8353858590126038,0.5510625243186951,-0.06693892925977707,0.957207977771759,0.5995095372200012,-0.04936085641384125,0.8725785613059998,0.6198541522026062,-0.08083034306764603,0.8470785021781921,0.6140562891960144,-0.08139283210039139,0.8558075428009033,0.5990449786186218,-0.07669191807508469,thumbs_up,RRQ_p20,RRQ
0.4405074417591095,0.5472243428230286,-5.977107662147318e-07,0.35822540521621704,0.47036752104759216,-0.004454861860722303,0.2869108319282532,0.37802746891975403,-0.017082784324884415,0.23835748434066772,0.30073612928390503,-0.030595701187849045,0.20717525482177734,0.22712872922420502,-0.04212776571512222,0.3118336498737335,0.3084389567375183,-0.0359172485768795,0.19897449016571045,0.38419774174690247,-0.06799124926328659,0.22764085233211517,0.4253021478652954,-0.080571748316288,0.26215749979019165,0.4091050326824188,-0.08605583757162094,0.3411194682121277,0.3559107780456543,-0.04846058413386345,0.22542139887809753,0.4476926922798157,-0.07617402821779251,0.2599915564060211,0.4641459584236145,-0.0727480873465538,0.2940950393676758,0.4440935552120209,-0.07110784947872162,0.3634909391403198,0.4155096113681793,-0.062233760952949524,0.2596428692340851,0.5001482963562012,-0.08657316863536835,0.2915589511394501,0.5108667612075806,-0.07059581577777863,0.3233584463596344,0.4876885414123535,-0.05958416685461998,0.38186657428741455,0.4793309271335602,-0.07632280141115189,0.29478415846824646,0.5394474267959595,-0.09227330982685089,0.31862276792526245,0.5442372560501099,-0.08340972661972046,0.350236713886261,0.5243721008300781,-0.07512401789426804,thumbs_up,RRQ_p20,RRQ
0.6563847064971924,0.6563248634338379,-5.101779265714868e-07,0.6184276342391968,0.5716468095779419,-0.042850613594055176,0.5959582924842834,0.4720346927642822,-0.06653504073619843,0.5848655700683594,0.394245445728302,-0.08204368501901627,0.5777997374534607,0.31709516048431396,-0.09100954234600067,0.6795894503593445,0.4416915774345398,-0.06043476238846779,0.5671892762184143,0.49827840924263,-0.09821254760026932,0.5693214535713196,0.5398716926574707,-0.11843118071556091,0.6043275594711304,0.5370233654975891,-0.13037076592445374,0.712322473526001,0.500583827495575,-0.055920783430337906,0.5853912234306335,0.5677867531776428,-0.08436774462461472,0.5960810780525208,0.5876426100730896,-0.08892098069190979,0.6283788681030273,0.576744556427002,-0.09377685934305191,0.7296691536903381,0.570702075958252,-0.05606095492839813,0.607968807220459,0.6267856955528259,-0.08302101492881775,0.6157410144805908,0.6346784234046936,-0.07330860197544098,0.6431311368942261,0.6232089996337891,-0.06609208136796951,0.7363936901092529,0.640526533126831,-0.06119365990161896,0.6386330127716064,0.6765604019165039,-0.08469129353761673,0.6407050490379333,0.6738733649253845,-0.08490277826786041,0.6635065674781799,0.6611596345901489,-0.08216474950313568,thumbs_up,RRQ_p20,RRQ
0.7179729342460632,0.8474588394165039,-5.063835146756901e-07,0.6692570447921753,0.7637816071510315,-0.049496520310640335,0.6502605080604553,0.6786894202232361,-0.07822519540786743,0.6487224698066711,0.6172139644622803,-0.09677080810070038,0.6562357544898987,0.5403428673744202,-0.109317347407341,0.7542125582695007,0.6656955480575562,-0.07697498798370361,0.6583682298660278,0.7418303489685059,-0.10899288207292557,0.6524970531463623,0.7453218102455139,-0.12724444270133972,0.6802979707717896,0.7236177325248718,-0.1415502429008484,0.7944883108139038,0.7339581251144409,-0.06932280957698822,0.6749993562698364,0.8196324706077576,-0.0928405225276947,0.6778693199157715,0.7975366115570068,-0.09642967581748962,0.7059129476547241,0.7657792568206787,-0.10330627858638763,0.8132269978523254,0.805677056312561,-0.06449368596076965,0.6973899006843567,0.8739979267120361,-0.08831164240837097,0.6961666345596313,0.8523041605949402,-0.07388746738433838,0.7240793108940125,0.8205391764640808,-0.06556465476751328,0.8171659708023071,0.8710649013519287,-0.06583847850561142,0.7237594723701477,0.9174361824989319,-0.09364105761051178,0.7185807824134827,0.8992973566055298,-0.09327293932437897,0.7393129467964172,0.8713558912277222,-0.08994998782873154,thumbs_up,RRQ_p20,RRQ
0.8025668263435364,0.6717076897621155,-8.85858071342227e-07,0.7602434754371643,0.5652814507484436,-0.058546170592308044,0.7679014205932617,0.44734877347946167,-0.0858968198299408,0.7905552387237549,0.36818036437034607,-0.10148271173238754,0.8125283718109131,0.28432804346084595,-0.10897137969732285,0.9017658829689026,0.43651866912841797,-0.07488306611776352,0.7979795932769775,0.48354941606521606,-0.10941629856824875,0.761584460735321,0.5187339186668396,-0.12304067611694336,0.7778820991516113,0.5204871296882629,-0.13263686001300812,0.9416287541389465,0.5093823075294495,-0.06411514431238174,0.8175194263458252,0.5627436637878418,-0.096454918384552,0.781674861907959,0.572557270526886,-0.10106199234724045,0.7929717898368835,0.5622900724411011,-0.10491973906755447,0.9558441638946533,0.5871500968933105,-0.05812164768576622,0.8348995447158813,0.6290535926818848,-0.09366488456726074,0.8049314022064209,0.63289874792099,-0.08518630266189575,0.8189935088157654,0.6212979555130005,-0.0777999684214592,0.9566483497619629,0.6589740514755249,-0.057957153767347336,0.8607696890830994,0.6886252760887146,-0.09047893434762955,0.8312849998474121,0.6864069700241089,-0.09259147197008133,0.8358059525489807,0.6709833145141602,-0.08934623748064041,thumbs_up,RRQ_p20,RRQ
0.4706878662109375,0.5978628993034363,-6.220240607035521e-07,0.38343334197998047,0.4811066687107086,-0.007393224164843559,0.3060113787651062,0.3651248812675476,-0.024010686203837395,0.2546727657318115,0.277624249458313,-0.04102997109293938,0.22696375846862793,0.19172236323356628,-0.05546931177377701,0.35018426179885864,0.3075711131095886,-0.04615233093500137,0.2177632600069046,0.3805208206176758,-0.08121421188116074,0.2491706907749176,0.4181786775588989,-0.09333762526512146,0.2886105179786682,0.3992146849632263,-0.0985148549079895,0.3807920515537262,0.3763652443885803,-0.060501016676425934,0.2402329444885254,0.45995357632637024,-0.09208089858293533,0.27928292751312256,0.4712129533290863,-0.08873406052589417,0.32008296251296997,0.4506608545780182,-0.08799568563699722,0.4028029143810272,0.45067107677459717,-0.07575476169586182,0.2720144987106323,0.5214026570320129,-0.10378789156675339,0.308051198720932,0.5278210639953613,-0.08465457707643509,0.3481103181838989,0.5038540959358215,-0.07178061455488205,0.41967329382896423,0.5273979902267456,-0.09150395542383194,0.30897700786590576,0.5717086791992188,-0.11077018827199936,0.33579012751579285,0.5743284821510315,-0.099522665143013,0.3763141632080078,0.555785059928894,-0.08929443359375,thumbs_up,RRQ_p20,RRQ
0.5826391577720642,0.8373591899871826,1.2798087709597894e-06,0.5220189094543457,0.7894549369812012,-0.03343574330210686,0.47290852665901184,0.7221348285675049,-0.064071424305439,0.47358083724975586,0.6941061019897461,-0.09637176990509033,0.5281283259391785,0.6875407695770264,-0.1262165904045105,0.5171645283699036,0.5571624040603638,-0.06411054730415344,0.5136570930480957,0.42190438508987427,-0.10791397094726562,0.5116808414459229,0.3394850194454193,-0.1284213811159134,0.5163068771362305,0.267781138420105,-0.1400936245918274,0.5776726007461548,0.569495439529419,-0.07590850442647934,0.6104559898376465,0.44384321570396423,-0.12057723104953766,0.6320757269859314,0.3610490560531616,-0.14082325994968414,0.6556299328804016,0.27251315116882324,-0.14802898466587067,0.6251227259635925,0.6182814836502075,-0.08985286951065063,0.5857928991317749,0.6546558141708374,-0.13465920090675354,0.5461997389793396,0.717057466506958,-0.1341467797756195,0.535969614982605,0.7364761233329773,-0.12067381292581558,0.6537187695503235,0.6851392388343811,-0.10774027556180954,0.6167997717857361,0.7295923233032227,-0.13173255324363708,0.5871796607971191,0.760280966758728,-0.1233060285449028,0.5790124535560608,0.7666325569152832,-0.11018756777048111,peace_sign,RRQ_p20,RRQ
0.32784372568130493,0.851572573184967,1.7891159131977474e-06,0.22945180535316467,0.8045822381973267,-0.021866625174880028,0.15948200225830078,0.7634697556495667,-0.06045405566692352,0.12491684406995773,0.7590746879577637,-0.10348325967788696,0.15177734196186066,0.7676293849945068,-0.14460237324237823,0.16192027926445007,0.6067581176757812,-0.06837676465511322,0.1526656150817871,0.4626810848712921,-0.11634459346532822,0.147634819149971,0.3773673176765442,-0.14482605457305908,0.14987331628799438,0.30395281314849854,-0.16522234678268433,0.22764423489570618,0.6165314316749573,-0.09133163839578629,0.24089501798152924,0.4996083378791809,-0.1508161872625351,0.2534850239753723,0.4025624394416809,-0.18058116734027863,0.261201947927475,0.31992238759994507,-0.1975523680448532,0.2839600443840027,0.6659029722213745,-0.11369679123163223,0.21065405011177063,0.7159328460693359,-0.15640240907669067,0.18096135556697845,0.7672799229621887,-0.14667879045009613,0.16279418766498566,0.782730221748352,-0.13334985077381134,0.31677427887916565,0.743427038192749,-0.1396787017583847,0.24612009525299072,0.804471492767334,-0.15544971823692322,0.22442975640296936,0.8195690512657166,-0.13860635459423065,0.2147885411977768,0.8086684346199036,-0.12470570206642151,peace_sign,RRQ_p20,RRQ
0.6984255313873291,0.7649189233779907,1.2261915571798454e-06,0.6490837931632996,0.695327639579773,-0.047048021107912064,0.6212652325630188,0.6081695556640625,-0.08661530911922455,0.6569491028785706,0.6002563238143921,-0.12294093519449234,0.7208958268165588,0.6285438537597656,-0.15660633146762848,0.6998217105865479,0.5083955526351929,-0.09883344173431396,0.7198050618171692,0.37734848260879517,-0.1553705930709839,0.7334544062614441,0.29669761657714844,-0.18513378500938416,0.7523007392883301,0.22290563583374023,-0.2044571042060852,0.7646145224571228,0.536358654499054,-0.10564529895782471,0.8266843557357788,0.4198521673679352,-0.16725510358810425,0.8671280741691589,0.3447052538394928,-0.1964784860610962,0.9136245250701904,0.26017048954963684,-0.20997004210948944,0.8055779933929443,0.5926218032836914,-0.11351529508829117,0.7897343039512634,0.6095761060714722,-0.1701902598142624,0.7387198805809021,0.6609302163124084,-0.16763488948345184,0.7175338268280029,0.6720786094665527,-0.15255315601825714,0.830353856086731,0.6596893072128296,-0.12581945955753326,0.8023231029510498,0.6816357374191284,-0.16035643219947815,0.7597758769989014,0.7058493494987488,-0.15087182819843292,0.7351881265640259,0.7056533098220825,-0.13652652502059937,peace_sign,RRQ_p20,RRQ
0.7065185308456421,0.8332103490829468,1.0063548643302056e-06,0.668326199054718,0.8271214962005615,-0.04539796710014343,0.6396828293800354,0.8104280233383179,-0.08650316298007965,0.6471737623214722,0.8131672739982605,-0.1223774179816246,0.6770240664482117,0.8245236277580261,-0.1583145409822464,0.6598904132843018,0.7244579792022705,-0.10223647952079773,0.6560777425765991,0.6561068892478943,-0.157842755317688,0.658478319644928,0.6039355993270874,-0.19610413908958435,0.6663428544998169,0.5609412789344788,-0.22136522829532623,0.7067095041275024,0.7205598950386047,-0.10256622731685638,0.7264075875282288,0.6705449223518372,-0.16172543168067932,0.7358887195587158,0.6247215867042542,-0.18898841738700867,0.746073842048645,0.5771199464797974,-0.201846182346344,0.7466791272163391,0.7429262399673462,-0.10308905690908432,0.7373467683792114,0.7909064292907715,-0.14473965764045715,0.7154773473739624,0.8284319043159485,-0.13597719371318817,0.7048928141593933,0.8398941159248352,-0.1224311962723732,0.774948239326477,0.7763530015945435,-0.1086869090795517,0.7548261880874634,0.8235870003700256,-0.13373737037181854,0.7350137829780579,0.8462958335876465,-0.12280744314193726,0.7256489396095276,0.8501682877540588,-0.10921206325292587,peace_sign,RRQ_p20,RRQ
0.690570592880249,0.8371996879577637,1.5284786059055477e-06,0.6378415822982788,0.8148267865180969,-0.05847138538956642,0.592994213104248,0.7841039896011353,-0.11404376477003098,0.5972366333007812,0.7912877202033997,-0.16379334032535553,0.6436326503753662,0.8212855458259583,-0.21211273968219757,0.6408241987228394,0.676210343837738,-0.1355736404657364,0.6397473812103271,0.5729114413261414,-0.20750655233860016,0.6486700773239136,0.4967305064201355,-0.2530561685562134,0.6640380620956421,0.4348127245903015,-0.28363481163978577,0.7060602307319641,0.6797711849212646,-0.13919854164123535,0.7457130551338196,0.6054159998893738,-0.22449207305908203,0.7750605344772339,0.542719841003418,-0.26585131883621216,0.803501307964325,0.48143821954727173,-0.2847871482372284,0.7553278207778931,0.7163665890693665,-0.14174950122833252,0.7411458492279053,0.7883801460266113,-0.20122960209846497,0.7037739157676697,0.8398699760437012,-0.18901684880256653,0.6863285303115845,0.8479623794555664,-0.16866935789585114,0.7870818376541138,0.7646404504776001,-0.15078814327716827,0.755277156829834,0.8306541442871094,-0.1815940886735916,0.7258956432342529,0.8611463308334351,-0.16368602216243744,0.7105702757835388,0.8633856773376465,-0.14320223033428192,peace_sign,RRQ_p20,RRQ
0.6812294721603394,0.8236744403839111,1.14080285129603e-06,0.71092689037323,0.703112006187439,-0.029330765828490257,0.6726392507553101,0.5986341238021851,-0.05803462862968445,0.6064664125442505,0.5435108542442322,-0.07659973949193954,0.5512685179710388,0.5190293192863464,-0.09314780682325363,0.6766970157623291,0.6309117674827576,-0.11606765538454056,0.6656820178031921,0.4757809340953827,-0.1589522361755371,0.6650076508522034,0.39000892639160156,-0.1797408163547516,0.6613049507141113,0.3155662715435028,-0.1895827353000641,0.6185786128044128,0.6664224863052368,-0.10847511887550354,0.5716075897216797,0.5023494958877563,-0.1442509889602661,0.5483778119087219,0.4021272361278534,-0.15174376964569092,0.5251132249832153,0.3296543061733246,-0.15728934109210968,0.5685109496116638,0.6928384304046631,-0.09542766213417053,0.5510851144790649,0.5379237532615662,-0.11590591073036194,0.584843635559082,0.5429720878601074,-0.09667593240737915,0.6061159372329712,0.5773894190788269,-0.08041440695524216,0.5322725772857666,0.7073296308517456,-0.084242083132267,0.5445142388343811,0.5912011861801147,-0.09047425538301468,0.5729838609695435,0.597885251045227,-0.07272927463054657,0.5862324833869934,0.6272230744361877,-0.057934947311878204,peace_sign,RRQ_p20,RRQ
0.4363883137702942,0.7810935378074646,1.5789750023031957e-06,0.44928473234176636,0.6538073420524597,-0.05950649455189705,0.40114834904670715,0.5477287769317627,-0.10490196198225021,0.32917582988739014,0.48790860176086426,-0.1291678249835968,0.2720402777194977,0.4640960693359375,-0.1494891494512558,0.37592050433158875,0.6111107468605042,-0.19092360138893127,0.3380107879638672,0.44006574153900146,-0.2563956379890442,0.3240461051464081,0.3365258276462555,-0.29134565591812134,0.3059292733669281,0.24888688325881958,-0.31012845039367676,0.31203311681747437,0.6602569222450256,-0.16880950331687927,0.23371198773384094,0.48134878277778625,-0.22795602679252625,0.188154935836792,0.3661811351776123,-0.2450241893529892,0.14761655032634735,0.28512346744537354,-0.2560577392578125,0.26436612010002136,0.6934537291526794,-0.1384444683790207,0.24044863879680634,0.5205163955688477,-0.16828124225139618,0.28066885471343994,0.5110148191452026,-0.14267753064632416,0.3106900155544281,0.5394526720046997,-0.12223275005817413,0.23441004753112793,0.7102123498916626,-0.11273465305566788,0.24344593286514282,0.5655928254127502,-0.12356230616569519,0.27967768907546997,0.5608577132225037,-0.10101737082004547,0.30489078164100647,0.5854485034942627,-0.08215774595737457,peace_sign,RRQ_p20,RRQ
0.23596340417861938,0.7975032329559326,7.835850510673481e-07,0.18060526251792908,0.7003644704818726,0.008088883012533188,0.16783727705478668,0.5886396169662476,-0.007860448211431503,0.19668972492218018,0.5081574320793152,-0.02438674308359623,0.23376840353012085,0.45880126953125,-0.04050283133983612,0.15748147666454315,0.5379559993743896,-0.06737681478261948,0.16308921575546265,0.3941638469696045,-0.09942709654569626,0.16084644198417664,0.3104594945907593,-0.11958254873752594,0.1583244800567627,0.24186813831329346,-0.13280300796031952,0.2089524269104004,0.5709133744239807,-0.08322180062532425,0.253133624792099,0.40990573167800903,-0.10696825385093689,0.27715373039245605,0.3269609808921814,-0.11233603954315186,0.29451796412467957,0.26018479466438293,-0.11884661018848419,0.2616293132305145,0.6034139394760132,-0.09269988536834717,0.30313175916671753,0.4657902121543884,-0.10416539758443832,0.2879759669303894,0.4993724524974823,-0.0802140161395073,0.2713185250759125,0.5454283952713013,-0.06341898441314697,0.3102727234363556,0.6324767470359802,-0.1018693745136261,0.33490604162216187,0.5203405022621155,-0.10120082646608353,0.3199968934059143,0.5499026775360107,-0.0741351842880249,0.3065956234931946,0.5874189734458923,-0.05324592441320419,peace_sign,RRQ_p20,RRQ
0.6248493790626526,0.7097071409225464,3.2936395655269735e-07,0.58498215675354,0.6153794527053833,-0.02932613343000412,0.5952673554420471,0.514769434928894,-0.052956435829401016,0.6486283540725708,0.4628209173679352,-0.068880096077919,0.6956914663314819,0.4617834687232971,-0.08460045605897903,0.6344694495201111,0.550189733505249,-0.09641995280981064,0.6623436808586121,0.4075049161911011,-0.12781035900115967,0.6812946200370789,0.33316540718078613,-0.13756337761878967,0.698050320148468,0.2785698175430298,-0.14046750962734222,0.6890146136283875,0.5808174014091492,-0.09093332290649414,0.7158112525939941,0.42299458384513855,-0.12094566226005554,0.7334907054901123,0.3377244472503662,-0.12610866129398346,0.7518050670623779,0.2767789363861084,-0.12644119560718536,0.7328991293907166,0.6050009727478027,-0.0821157693862915,0.7317013144493103,0.4705248177051544,-0.11042635887861252,0.7036087512969971,0.47162288427352905,-0.10456213355064392,0.6853329539299011,0.4980907738208771,-0.09217211604118347,0.7620874643325806,0.617845356464386,-0.07397713512182236,0.750406801700592,0.5054054260253906,-0.0936829149723053,0.7260380387306213,0.4993007481098175,-0.08711615949869156,0.7149437665939331,0.5206778645515442,-0.07621011883020401,peace_sign,RRQ_p20,RRQ
0.4215308129787445,0.8156619071960449,1.2199725460959598e-06,0.3720656633377075,0.7388224005699158,-0.027948200702667236,0.33866435289382935,0.643455982208252,-0.06740954518318176,0.34046897292137146,0.5749820470809937,-0.09810352325439453,0.3728543519973755,0.5421240329742432,-0.1273195445537567,0.35852718353271484,0.6747611165046692,-0.13699057698249817,0.3750435709953308,0.553868293762207,-0.1890287548303604,0.3863217830657959,0.4740980863571167,-0.22108329832553864,0.40065282583236694,0.4094145894050598,-0.24313455820083618,0.4082053303718567,0.7114245295524597,-0.14008891582489014,0.45281848311424255,0.5372329354286194,-0.19079144299030304,0.47585737705230713,0.4395952820777893,-0.20972400903701782,0.49804455041885376,0.36811697483062744,-0.22499726712703705,0.46373289823532104,0.7396340370178223,-0.13550786674022675,0.507821261882782,0.5658397078514099,-0.16562317311763763,0.48481282591819763,0.5873035788536072,-0.14124643802642822,0.46685880422592163,0.6363550424575806,-0.12238821387290955,0.516019880771637,0.75633704662323,-0.13276106119155884,0.5393047332763672,0.6245477199554443,-0.15003255009651184,0.5172169804573059,0.6392369866371155,-0.12955498695373535,0.50029057264328,0.6809208393096924,-0.11259573698043823,peace_sign,RRQ_p20,RRQ
0.24950158596038818,0.7293140292167664,1.0322235084458953e-06,0.1870652437210083,0.6468343138694763,0.004002794157713652,0.13968896865844727,0.5441797971725464,-0.0196883212774992,0.10550491511821747,0.46783334016799927,-0.04475969076156616,0.09722836315631866,0.4016817808151245,-0.06882978975772858,0.12854044139385223,0.5063484907150269,-0.08464640378952026,0.12313221395015717,0.3659379482269287,-0.13749505579471588,0.12062440812587738,0.2771252393722534,-0.170243039727211,0.12060869485139847,0.20155981183052063,-0.19066637754440308,0.16786283254623413,0.5368058681488037,-0.10532176494598389,0.19523289799690247,0.3509490191936493,-0.15669861435890198,0.2144293636083603,0.2459297776222229,-0.17444108426570892,0.22705751657485962,0.16378366947174072,-0.18663068115711212,0.22157518565654755,0.5613424181938171,-0.11941923201084137,0.2673115134239197,0.39746609330177307,-0.15288415551185608,0.2666391134262085,0.44281134009361267,-0.12940524518489838,0.2516571283340454,0.49908411502838135,-0.10937600582838058,0.2764594256877899,0.5806999802589417,-0.1335008442401886,0.31081777811050415,0.4546123445034027,-0.15121102333068848,0.30528029799461365,0.4927934408187866,-0.12946467101573944,0.28626447916030884,0.5402973294258118,-0.11007798463106155,peace_sign,RRQ_p20,RRQ
0.2902745008468628,0.8559671640396118,1.2864647942478769e-06,0.35100486874580383,0.8216509222984314,-0.056893281638622284,0.3867935538291931,0.764197587966919,-0.09331990778446198,0.33233335614204407,0.7593910694122314,-0.12718568742275238,0.2699353098869324,0.7495683431625366,-0.15726540982723236,0.3439996838569641,0.5774741172790527,-0.07616518437862396,0.3559398651123047,0.43282943964004517,-0.13216553628444672,0.3638420104980469,0.3411247134208679,-0.16041217744350433,0.3613523840904236,0.25978726148605347,-0.17500081658363342,0.2715482711791992,0.5746570229530334,-0.08084461838006973,0.23424032330513,0.447865754365921,-0.14774899184703827,0.2139785885810852,0.3595757484436035,-0.18070513010025024,0.19238874316215515,0.27006423473358154,-0.19076059758663177,0.21929112076759338,0.6149137616157532,-0.09006882458925247,0.23395149409770966,0.684563159942627,-0.164664164185524,0.2711655795574188,0.7601261138916016,-0.1743445098400116,0.29307132959365845,0.7827919125556946,-0.15815667808055878,0.18429376184940338,0.6737040281295776,-0.10420536994934082,0.20686838030815125,0.7505030632019043,-0.15090297162532806,0.24659104645252228,0.7999953031539917,-0.1482207477092743,0.2739085853099823,0.8083744049072266,-0.13273121416568756,peace_sign,RRQ_p20,RRQ
