x0,y0,z0,x1,y1,z1,x2,y2,z2,x3,y3,z3,x4,y4,z4,x5,y5,z5,x6,y6,z6,x7,y7,z7,x8,y8,z8,x9,y9,z9,x10,y10,z10,x11,y11,z11,x12,y12,z12,x13,y13,z13,x14,y14,z14,x15,y15,z15,x16,y16,z16,x17,y17,z17,x18,y18,z18,x19,y19,z19,x20,y20,z20,label,person_id,collector
0.7993355989456177,0.6687977910041809,-3.1349270557257114e-07,0.6872165203094482,0.6258016228675842,-0.007198705803602934,0.5757965445518494,0.6192236542701721,-0.04831776022911072,0.48838359117507935,0.6692443490028381,-0.0932903066277504,0.43750306963920593,0.7287120819091797,-0.14280222356319427,0.5500854253768921,0.4450817108154297,-0.08322707563638687,0.43317872285842896,0.4492886960506439,-0.14066997170448303,0.3476746082305908,0.4401412010192871,-0.17754746973514557,0.27620425820350647,0.4294077754020691,-0.20718464255332947,0.609380304813385,0.4612148702144623,-0.11165010184049606,0.4892449378967285,0.6573551297187805,-0.16392526030540466,0.5319589376449585,0.7162384390830994,-0.1591833531856537,0.565727949142456,0.6867322325706482,-0.15693418681621552,0.6730871796607971,0.5286067128181458,-0.14035695791244507,0.5572240948677063,0.7163019776344299,-0.1858079880475998,0.5950838327407837,0.7417960166931152,-0.15446999669075012,0.6310946345329285,0.69708651304245,-0.13281293213367462,0.7295061349868774,0.6113449335098267,-0.1700509935617447,0.6262996196746826,0.7479814291000366,-0.20723557472229004,0.6475226879119873,0.7665987014770508,-0.18865473568439484,0.6796676516532898,0.7306139469146729,-0.1719159483909607,point,RRQ_p23,RRQ
0.8053429126739502,0.6931979656219482,-6.332728048619174e-07,0.7129368782043457,0.6349186897277832,-0.034898675978183746,0.6267093420028687,0.599864661693573,-0.07235891371965408,0.5650829076766968,0.6367020010948181,-0.1097102090716362,0.564828097820282,0.6837871074676514,-0.1469205617904663,0.6614378690719604,0.39164260029792786,-0.06582056730985641,0.5813843607902527,0.42785218358039856,-0.12322954833507538,0.5179635286331177,0.442881315946579,-0.1672520786523819,0.4602782130241394,0.446486234664917,-0.19896315038204193,0.7394108772277832,0.4019346237182617,-0.0808773934841156,0.6295522451400757,0.6099086403846741,-0.129876509308815,0.6485596299171448,0.6888545751571655,-0.1444482058286667,0.6869909763336182,0.6792222261428833,-0.15382473170757294,0.8158661127090454,0.47675976157188416,-0.10127084702253342,0.7120415568351746,0.6734738349914551,-0.14210441708564758,0.7266733050346375,0.7034761905670166,-0.12990498542785645,0.7561812996864319,0.6647124886512756,-0.11966903507709503,0.881745457649231,0.5714340806007385,-0.1272754818201065,0.8042289614677429,0.7113722562789917,-0.16013915836811066,0.797980010509491,0.7321795225143433,-0.15186791121959686,0.8117579221725464,0.7016624808311462,-0.14115272462368011,point,RRQ_p23,RRQ
0.7426506876945496,0.6284960508346558,-4.377994571314048e-07,0.6346298456192017,0.5999737977981567,-0.008365033194422722,0.5380632281303406,0.5864778757095337,-0.040613479912281036,0.46061745285987854,0.6167445778846741,-0.0759803056716919,0.4136893153190613,0.65616375207901,-0.11405008286237717,0.5103461742401123,0.4128861725330353,-0.06015247479081154,0.4114893078804016,0.43797409534454346,-0.1136772409081459,0.33414027094841003,0.447662889957428,-0.15137410163879395,0.2753123641014099,0.451511025428772,-0.17910443246364594,0.5676363110542297,0.41530925035476685,-0.08143266290426254,0.46087589859962463,0.5767743587493896,-0.12186341732740402,0.49729180335998535,0.6551079154014587,-0.11434818804264069,0.5295547842979431,0.6360706090927124,-0.10818754881620407,0.6295955777168274,0.46632999181747437,-0.1050594374537468,0.5278536081314087,0.6191026568412781,-0.13958430290222168,0.5524675250053406,0.6728087067604065,-0.10938579589128494,0.5863983631134033,0.6411451697349548,-0.08728840202093124,0.684715747833252,0.5375272035598755,-0.13038769364356995,0.5949372053146362,0.648608386516571,-0.15774227678775787,0.5992497801780701,0.6851447820663452,-0.1394386738538742,0.6263143420219421,0.6594724655151367,-0.12234047800302505,point,RRQ_p23,RRQ
0.8582769632339478,0.5608413219451904,-2.702346364458208e-07,0.8017674684524536,0.5526306629180908,-0.0603218711912632,0.7391834855079651,0.5351357460021973,-0.1123349666595459,0.715733528137207,0.5382248759269714,-0.1607673168182373,0.7342279553413391,0.5345539450645447,-0.20782352983951569,0.7630550265312195,0.3388233184814453,-0.09878887981176376,0.7567073106765747,0.3197803199291229,-0.16896803677082062,0.7606456279754639,0.2786814570426941,-0.2147037386894226,0.773375391960144,0.23549363017082214,-0.2447510063648224,0.8472796678543091,0.3025469481945038,-0.09850544482469559,0.8294156193733215,0.4637720584869385,-0.16323354840278625,0.794806182384491,0.560971200466156,-0.16911885142326355,0.7831350564956665,0.5542628169059753,-0.16533644497394562,0.9213176369667053,0.33676615357398987,-0.10595165938138962,0.9061821699142456,0.5001077651977539,-0.1725197732448578,0.8653315901756287,0.5692636370658875,-0.15301348268985748,0.8477383852005005,0.5603007674217224,-0.12891936302185059,0.9821011424064636,0.39957791566848755,-0.11979679018259048,0.9672085046768188,0.5173541903495789,-0.17491541802883148,0.9351575374603271,0.5703824162483215,-0.16644077003002167,0.9220120310783386,0.5719039440155029,-0.14844435453414917,point,RRQ_p23,RRQ
0.7509821057319641,0.6119093894958496,-6.332895736704813e-07,0.6561425924301147,0.6039975881576538,-0.020938735455274582,0.5762126445770264,0.5878351926803589,-0.04756784811615944,0.5166854858398438,0.5984925627708435,-0.07589166611433029,0.4940653443336487,0.6111392974853516,-0.10400543361902237,0.5639005303382874,0.387031614780426,-0.03838171437382698,0.48464035987854004,0.42212533950805664,-0.08614718168973923,0.42438411712646484,0.43960556387901306,-0.12155866622924805,0.3775039315223694,0.4504900574684143,-0.14635707437992096,0.6159889698028564,0.37506353855133057,-0.053589578717947006,0.5338472127914429,0.5232886075973511,-0.09723784774541855,0.5619181990623474,0.6126749515533447,-0.10160250961780548,0.5920891165733337,0.6154335141181946,-0.09904113411903381,0.6759775280952454,0.40970075130462646,-0.07365281879901886,0.6028520464897156,0.5597783923149109,-0.10957621783018112,0.6214158535003662,0.6234641671180725,-0.09098335355520248,0.6447221040725708,0.608197808265686,-0.07308581471443176,0.7323199510574341,0.47196972370147705,-0.0977168157696724,0.6704956889152527,0.5807822942733765,-0.1225024089217186,0.6665467023849487,0.6285366415977478,-0.10965195298194885,0.6791465282440186,0.6214131712913513,-0.09493932127952576,point,RRQ_p23,RRQ
0.7029085755348206,0.6135232448577881,-4.405462163958873e-07,0.6007986068725586,0.6067190766334534,-0.006779844872653484,0.49250781536102295,0.647971510887146,-0.03514714911580086,0.41754353046417236,0.7280868291854858,-0.06526916474103928,0.3696005344390869,0.7972025871276855,-0.09838900715112686,0.44545549154281616,0.5180005431175232,-0.05835215747356415,0.3464418649673462,0.6054397225379944,-0.10074062645435333,0.27575430274009705,0.6579329967498779,-0.12806293368339539,0.21973010897636414,0.6977850794792175,-0.1501830667257309,0.48923730850219727,0.5271552801132202,-0.07957428693771362,0.4101312756538391,0.7167744040489197,-0.12185853719711304,0.45315662026405334,0.7613237500190735,-0.12157215178012848,0.4828885495662689,0.7426568269729614,-0.12185810506343842,0.5450003743171692,0.5684439539909363,-0.10112102329730988,0.470176637172699,0.7461534738540649,-0.13882620632648468,0.5020174980163574,0.7779553532600403,-0.11657162755727768,0.5262224078178406,0.7538726329803467,-0.10082253813743591,0.6005960702896118,0.6244519352912903,-0.1233668103814125,0.5346368551254272,0.758475124835968,-0.15479567646980286,0.5497972369194031,0.7848853468894958,-0.1428406983613968,0.5704623460769653,0.7651801705360413,-0.13160072267055511,point,RRQ_p23,RRQ
0.7917466163635254,0.6260460615158081,-5.42339478215581e-07,0.6800042390823364,0.6093848943710327,-0.022610971704125404,0.5976259708404541,0.5859549045562744,-0.05431008338928223,0.5362036824226379,0.5977425575256348,-0.08837481588125229,0.5044235587120056,0.6142138242721558,-0.12312305718660355,0.5995723009109497,0.38224563002586365,-0.050847992300987244,0.5101336240768433,0.40532904863357544,-0.10535396635532379,0.44151580333709717,0.4114363491535187,-0.14371293783187866,0.38654330372810364,0.4119589328765869,-0.171107679605484,0.6571438908576965,0.37685275077819824,-0.06841149926185608,0.5549101233482361,0.5308510065078735,-0.11711612343788147,0.5844739675521851,0.6274247169494629,-0.11740122735500336,0.6171839237213135,0.6208544969558716,-0.11239242553710938,0.7203339338302612,0.4212764501571655,-0.09118197113275528,0.6285845041275024,0.5756549835205078,-0.12977334856987,0.6470489501953125,0.6416407823562622,-0.10317984968423843,0.6747235655784607,0.6172187328338623,-0.08085773885250092,0.7770587205886841,0.4939924478530884,-0.11850901693105698,0.7028828859329224,0.6043463945388794,-0.1456184834241867,0.6980979442596436,0.6510466933250427,-0.12889635562896729,0.7157198190689087,0.6333731412887573,-0.11188521236181259,point,RRQ_p23,RRQ
0.13960258662700653,0.48540717363357544,3.66908238902397e-07,0.22404351830482483,0.4563091993331909,-0.020565656945109367,0.2942829430103302,0.41987544298171997,-0.050226058810949326,0.34434327483177185,0.4196173846721649,-0.08273491263389587,0.3822963237762451,0.4241335093975067,-0.11746331304311752,0.2954920530319214,0.2358153909444809,-0.05270233377814293,0.35528767108917236,0.22524793446063995,-0.10853224247694016,0.4075806140899658,0.21387195587158203,-0.14871500432491302,0.45322883129119873,0.1902432143688202,-0.17687496542930603,0.23325316607952118,0.21014736592769623,-0.07425101101398468,0.32226744294166565,0.32055941224098206,-0.14459803700447083,0.3335740566253662,0.4368836581707001,-0.16963401436805725,0.322404682636261,0.4808254539966583,-0.17727413773536682,0.1670706570148468,0.24468442797660828,-0.09826882183551788,0.24694055318832397,0.3621459901332855,-0.16829264163970947,0.2675483524799347,0.4504903554916382,-0.17260649800300598,0.26196929812431335,0.46763908863067627,-0.1637883186340332,0.10307237505912781,0.31009986996650696,-0.12311183661222458,0.16750465333461761,0.4047810733318329,-0.1732081025838852,0.2035645842552185,0.4729993939399719,-0.1719823032617569,0.2128772884607315,0.49155908823013306,-0.16259238123893738,point,RRQ_p23,RRQ
0.295960009098053,0.5524089932441711,3.200086098331667e-07,0.39113983511924744,0.5472850799560547,-0.008746066130697727,0.46596503257751465,0.5285605192184448,-0.03742968291044235,0.5191684365272522,0.5249415636062622,-0.07120850682258606,0.5655707120895386,0.5113849639892578,-0.10685817897319794,0.4957308769226074,0.3418791592121124,-0.052347633987665176,0.573799729347229,0.3369954824447632,-0.10526634007692337,0.6336172819137573,0.3366793394088745,-0.14229509234428406,0.6853798627853394,0.326447069644928,-0.16729363799095154,0.4396588206291199,0.3093942701816559,-0.07877505570650101,0.5291157960891724,0.4350537955760956,-0.1451747864484787,0.5108428597450256,0.5510835647583008,-0.16503554582595825,0.4778100252151489,0.5898599624633789,-0.16884134709835052,0.3744896650314331,0.32773464918136597,-0.10538139194250107,0.455847829580307,0.4579421281814575,-0.1677207499742508,0.4455283284187317,0.5493366718292236,-0.1610405147075653,0.4177851974964142,0.5615320205688477,-0.14482519030570984,0.30791929364204407,0.3705027401447296,-0.13209526240825653,0.3776113986968994,0.4692067801952362,-0.16961240768432617,0.39154255390167236,0.5472858548164368,-0.15473617613315582,0.3782288730144501,0.5672338604927063,-0.13575950264930725,point,RRQ_p23,RRQ
0.3760753273963928,0.583665132522583,2.8556058850881527e-07,0.49099060893058777,0.617225170135498,0.002871100790798664,0.5763131380081177,0.6324138641357422,-0.02512056566774845,0.639090895652771,0.6610100269317627,-0.06046503037214279,0.6939545273780823,0.6743354797363281,-0.09670063108205795,0.6505565047264099,0.47899118065834045,-0.05152079090476036,0.7390028238296509,0.5222667455673218,-0.10730955004692078,0.8056817650794983,0.5572866201400757,-0.14570648968219757,0.8627225160598755,0.5731571316719055,-0.17084988951683044,0.6011314988136292,0.43667393922805786,-0.086096853017807,0.6792025566101074,0.6046547293663025,-0.14279158413410187,0.6313906908035278,0.6959860324859619,-0.15284231305122375,0.5898404121398926,0.7014234066009521,-0.15374282002449036,0.5353199243545532,0.4434591829776764,-0.12083425372838974,0.6141546368598938,0.6039273738861084,-0.17898501455783844,0.5781116485595703,0.6869043111801147,-0.164008229970932,0.5409719944000244,0.6736903786659241,-0.1446652114391327,0.4665856659412384,0.47406476736068726,-0.1551475077867508,0.5327538251876831,0.6030414700508118,-0.1898646056652069,0.526488184928894,0.6721106767654419,-0.17013293504714966,0.5016442537307739,0.6643902659416199,-0.1497429460287094,point,RRQ_p23,RRQ
0.37411409616470337,0.6362401843070984,-7.412852909283174e-08,0.39568233489990234,0.5206167101860046,0.024875812232494354,0.44483891129493713,0.4408666789531708,0.021485446020960808,0.4937976896762848,0.41811200976371765,0.010149931535124779,0.539618194103241,0.4300899803638458,-0.002512372098863125,0.47866541147232056,0.3786991536617279,-0.011798924766480923,0.5554859042167664,0.2989168167114258,-0.03176775947213173,0.6022425293922424,0.24434716999530792,-0.04535101726651192,0.6381416320800781,0.1977471113204956,-0.05537537857890129,0.49820488691329956,0.4098021984100342,-0.03511451184749603,0.5910896062850952,0.42497557401657104,-0.04907001182436943,0.5760091543197632,0.4720512926578522,-0.04372745007276535,0.5445431470870972,0.4871993660926819,-0.03952468931674957,0.5155926942825317,0.46886634826660156,-0.05513760447502136,0.5945072174072266,0.4880714416503906,-0.05953672528266907,0.5748224258422852,0.5228279829025269,-0.03894680365920067,0.546100378036499,0.5300177335739136,-0.026748334988951683,0.5284399390220642,0.5358516573905945,-0.07423940300941467,0.5985631942749023,0.5473993420600891,-0.06630274653434753,0.5758838057518005,0.5744377374649048,-0.042304303497076035,0.547051727771759,0.5825470685958862,-0.025734517723321915,point,RRQ_p23,RRQ
0.2090899497270584,0.5714749097824097,8.704114407009911e-08,0.26060593128204346,0.5359475612640381,-0.017268048599362373,0.3051464855670929,0.4886206388473511,-0.03836434707045555,0.3281598687171936,0.453899621963501,-0.06096021458506584,0.3294983208179474,0.4265168607234955,-0.08383488655090332,0.2738085687160492,0.3520474433898926,-0.040820810943841934,0.2957107424736023,0.3103787302970886,-0.0783696174621582,0.309744268655777,0.27222177386283875,-0.1039675697684288,0.3190460503101349,0.2332255095243454,-0.12144283205270767,0.22225672006607056,0.34124353528022766,-0.05219905823469162,0.2831002473831177,0.4076262414455414,-0.09943106025457382,0.29907190799713135,0.4878493845462799,-0.11148516088724136,0.29374852776527405,0.5240229368209839,-0.11207136511802673,0.17755535244941711,0.374014675617218,-0.06536822021007538,0.24318908154964447,0.4554377794265747,-0.11105480790138245,0.25964078307151794,0.5127518773078918,-0.10769423842430115,0.2554176151752472,0.5271495580673218,-0.09664245694875717,0.14027872681617737,0.4284786581993103,-0.07985065132379532,0.19367285072803497,0.48355916142463684,-0.10911395400762558,0.2229963093996048,0.525955080986023,-0.10241657495498657,0.23258525133132935,0.5399700403213501,-0.09086737781763077,point,RRQ_p23,RRQ
0.18688000738620758,0.5548545122146606,-7.96167540784154e-08,0.2420445680618286,0.5495913028717041,-0.027971230447292328,0.29818496108055115,0.5306409597396851,-0.05035023018717766,0.31371307373046875,0.5142866373062134,-0.07175032794475555,0.28569599986076355,0.5049434900283813,-0.09222419559955597,0.27277040481567383,0.41011303663253784,-0.04989101365208626,0.2706487774848938,0.3964120149612427,-0.08789387345314026,0.2571679949760437,0.37991541624069214,-0.11223287880420685,0.24282346665859222,0.35595691204071045,-0.12849172949790955,0.21559913456439972,0.38143599033355713,-0.053890760987997055,0.22204692661762238,0.476671040058136,-0.09492211043834686,0.24201348423957825,0.541154682636261,-0.10568806529045105,0.25922518968582153,0.5566912889480591,-0.10868086665868759,0.16220876574516296,0.3937641680240631,-0.06079559773206711,0.17565535008907318,0.5052358508110046,-0.09794119000434875,0.1999451071023941,0.5550143718719482,-0.09457346051931381,0.21976104378700256,0.5574749708175659,-0.08710037171840668,0.11823462694883347,0.4245412051677704,-0.07106626778841019,0.13170434534549713,0.5124484896659851,-0.09645148366689682,0.15192514657974243,0.5572512149810791,-0.09449280798435211,0.16696783900260925,0.5642296075820923,-0.08856691420078278,point,RRQ_p23,RRQ
0.34519293904304504,0.515099287033081,4.8242590366953664e-08,0.39453086256980896,0.5077995657920837,-0.03181663900613785,0.44821450114250183,0.4849472641944885,-0.057492438703775406,0.4631878435611725,0.4643668830394745,-0.08166985958814621,0.43836069107055664,0.4485289454460144,-0.10525532066822052,0.4289134442806244,0.3531471788883209,-0.05774713680148125,0.43450993299484253,0.30249741673469543,-0.09753495454788208,0.42676055431365967,0.2632361054420471,-0.12250098586082458,0.41846325993537903,0.2227509617805481,-0.13983918726444244,0.3737395405769348,0.3188633322715759,-0.06026104465126991,0.38231831789016724,0.3994569778442383,-0.10811767727136612,0.3956267535686493,0.4810881018638611,-0.11865407228469849,0.41115227341651917,0.5087257623672485,-0.11921403557062149,0.32025060057640076,0.32518401741981506,-0.06527374684810638,0.3306003510951996,0.42476364970207214,-0.10806687921285629,0.34899741411209106,0.4908270239830017,-0.10024923831224442,0.3672352433204651,0.5090900659561157,-0.08783615380525589,0.27330487966537476,0.34876397252082825,-0.07383722066879272,0.28178465366363525,0.4257182478904724,-0.10521800071001053,0.30437684059143066,0.4830523133277893,-0.10049757361412048,0.3243919610977173,0.5025560855865479,-0.09014485031366348,point,RRQ_p23,RRQ
0.3353988826274872,0.5655015110969543,2.8006549968040417e-08,0.38586246967315674,0.5659689903259277,-0.02810894325375557,0.44321852922439575,0.5506346821784973,-0.05317831039428711,0.4662710726261139,0.5346508622169495,-0.07814329862594604,0.44251108169555664,0.5195651054382324,-0.10312087088823318,0.43025168776512146,0.4141067564487457,-0.05363360047340393,0.4412877559661865,0.36790114641189575,-0.09235867857933044,0.43809226155281067,0.3293011784553528,-0.11726367473602295,0.43440356850624084,0.2857177257537842,-0.13519565761089325,0.3760004937648773,0.3765658140182495,-0.05936817824840546,0.38758325576782227,0.47188735008239746,-0.10550550371408463,0.39738768339157104,0.5549266934394836,-0.11618644744157791,0.4080115258693695,0.5792005062103271,-0.11816041171550751,0.3210149109363556,0.3842903673648834,-0.06733256578445435,0.33408841490745544,0.49558529257774353,-0.10984544456005096,0.3486369252204895,0.5611998438835144,-0.10298515856266022,0.3617142140865326,0.5752357244491577,-0.09219720959663391,0.2727884352207184,0.4111340343952179,-0.07846921682357788,0.2821662425994873,0.49304091930389404,-0.1089131310582161,0.30062395334243774,0.5516135692596436,-0.10348091274499893,0.31524842977523804,0.5719621181488037,-0.09361298382282257,point,RRQ_p23,RRQ
0.6086936593055725,0.8089064359664917,-7.872600917835371e-07,0.46860116720199585,0.7152231931686401,-0.005463561974465847,0.3796647787094116,0.6071990728378296,-0.03301449120044708,0.30383843183517456,0.5411144495010376,-0.06556741148233414,0.22540974617004395,0.487032026052475,-0.09583541005849838,0.508537769317627,0.3961406648159027,-0.01407898124307394,0.37276726961135864,0.3900439143180847,-0.06430890411138535,0.2928277254104614,0.40527182817459106,-0.10250980406999588,0.23120972514152527,0.4293022155761719,-0.12866629660129547,0.5465657114982605,0.412339448928833,-0.04069121554493904,0.3669993579387665,0.4462422728538513,-0.08549800515174866,0.383367121219635,0.5451895594596863,-0.09310369938611984,0.42798280715942383,0.5681294798851013,-0.09682197868824005,0.5689148306846619,0.4678656756877899,-0.07241267710924149,0.3950352370738983,0.5242477655410767,-0.10924505442380905,0.41735321283340454,0.6099975109100342,-0.08590152859687805,0.46230849623680115,0.6148504018783569,-0.07055728137493134,0.5705384016036987,0.5510647296905518,-0.10727037489414215,0.43675389885902405,0.6104633212089539,-0.1356201320886612,0.4492015838623047,0.669933021068573,-0.12307825684547424,0.48657533526420593,0.671741783618927,-0.11208034306764603,pinch,RRQ_p23,RRQ
0.579959511756897,0.7723230123519897,-6.830456982243049e-07,0.47811388969421387,0.7046478390693665,-0.018962712958455086,0.4039945900440216,0.5864334106445312,-0.03829089552164078,0.34447863698005676,0.5000580549240112,-0.06430648267269135,0.2895720601081848,0.42261961102485657,-0.08779846131801605,0.4718553125858307,0.41200965642929077,0.020650185644626617,0.39619749784469604,0.3818846344947815,-0.02507920376956463,0.33413028717041016,0.36724573373794556,-0.05295180156826973,0.28672555088996887,0.3496682345867157,-0.06988950073719025,0.5263580679893494,0.39439356327056885,0.0009148870594799519,0.4241659343242645,0.3607776463031769,-0.05092066526412964,0.4178426265716553,0.49375200271606445,-0.054181791841983795,0.45399177074432373,0.5206064581871033,-0.041288867592811584,0.5804228782653809,0.411756306886673,-0.028832213953137398,0.4750620126724243,0.41415488719940186,-0.08196953684091568,0.46748679876327515,0.537865161895752,-0.05770045891404152,0.5066981911659241,0.5511015057563782,-0.027375902980566025,0.6244196891784668,0.45835670828819275,-0.06244586408138275,0.5322325229644775,0.47222617268562317,-0.0932948961853981,0.5185423493385315,0.5527026653289795,-0.07486476749181747,0.553027868270874,0.5645100474357605,-0.05350292846560478,pinch,RRQ_p23,RRQ
0.5063378810882568,0.8833545446395874,-9.543300620862283e-07,0.42244958877563477,0.7288410663604736,-0.03127242997288704,0.38790518045425415,0.5924515128135681,-0.06036375090479851,0.3533833622932434,0.5027910470962524,-0.08921414613723755,0.3153564929962158,0.41431722044944763,-0.11426787823438644,0.5848034024238586,0.4811590611934662,-0.03145759180188179,0.47872841358184814,0.4026319086551666,-0.09319233894348145,0.399762362241745,0.39140862226486206,-0.13753370940685272,0.34209519624710083,0.39474165439605713,-0.1641739308834076,0.6314430832862854,0.5347293019294739,-0.04794721677899361,0.4873638153076172,0.45844635367393494,-0.10771914571523666,0.42110925912857056,0.5478946566581726,-0.12477374076843262,0.42272496223449707,0.6069962978363037,-0.1264837384223938,0.6430405974388123,0.6156432628631592,-0.07216262817382812,0.47739773988723755,0.5842949748039246,-0.11921309679746628,0.4291077256202698,0.6648182272911072,-0.10374540090560913,0.4508694112300873,0.6965439319610596,-0.08713410794734955,0.6250407695770264,0.7090648412704468,-0.10192355513572693,0.48590031266212463,0.7051496505737305,-0.13233919441699982,0.4518040716648102,0.7519320249557495,-0.12056446075439453,0.47429826855659485,0.7672640085220337,-0.10587288439273834,pinch,RRQ_p23,RRQ
0.7704325914382935,0.8953689336776733,-8.489671472489135e-07,0.659791111946106,0.8339621424674988,-0.027685966342687607,0.5860674977302551,0.6963329911231995,-0.03984767571091652,0.5429126024246216,0.5686391592025757,-0.058702871203422546,0.5036225318908691,0.4675995707511902,-0.06971808522939682,0.6186330914497375,0.5550706386566162,0.03405466675758362,0.5861237049102783,0.45118218660354614,-0.018008114770054817,0.5866254568099976,0.5451809763908386,-0.039841048419475555,0.6053702235221863,0.5881829261779785,-0.044494032859802246,0.675264835357666,0.5475780367851257,0.025517834350466728,0.6335520148277283,0.442293643951416,-0.02878568135201931,0.6270524859428406,0.5860495567321777,-0.034013532102108,0.6522504091262817,0.6098014116287231,-0.018713366240262985,0.7356325387954712,0.5592524409294128,0.0037788324989378452,0.6899611353874207,0.46760547161102295,-0.05669201910495758,0.6791458129882812,0.6074074506759644,-0.0377550832927227,0.7067967057228088,0.6371719837188721,-0.0049690199084579945,0.7987527251243591,0.5812304615974426,-0.020985063165426254,0.7434548139572144,0.52815181016922,-0.05261281132698059,0.7269379496574402,0.6208266615867615,-0.03486519679427147,0.7532728910446167,0.6503503918647766,-0.010092911310493946,pinch,RRQ_p23,RRQ
0.7385799288749695,0.8254515528678894,-3.5429258105068584e-07,0.6576611399650574,0.7795125842094421,-0.04643836244940758,0.5851150751113892,0.6929947137832642,-0.08325766026973724,0.5412051677703857,0.6136921644210815,-0.1216396763920784,0.5069761276245117,0.5381848812103271,-0.1532781571149826,0.592402458190918,0.49159741401672363,-0.015932487323880196,0.5460513234138489,0.45028072595596313,-0.07598599791526794,0.5178124904632568,0.45383498072624207,-0.10073072463274002,0.5155918598175049,0.4610891342163086,-0.10917846113443375,0.6555097699165344,0.47047197818756104,-0.024838531389832497,0.5985811352729797,0.4086068272590637,-0.08925517648458481,0.5901740193367004,0.5490888357162476,-0.08487076312303543,0.6140328645706177,0.5650765299797058,-0.0608920156955719,0.7217915058135986,0.47961652278900146,-0.046966440975666046,0.66892409324646,0.4581970274448395,-0.11502532660961151,0.6527100205421448,0.5877184271812439,-0.0863042101264,0.6711517572402954,0.5995953679084778,-0.04743591323494911,0.7845561504364014,0.515951931476593,-0.07473070919513702,0.73649001121521,0.5183187127113342,-0.11432614922523499,0.7124502062797546,0.6038047075271606,-0.09508619457483292,0.7215155959129333,0.6168748736381531,-0.06944670528173447,pinch,RRQ_p23,RRQ
0.20789217948913574,0.8271291255950928,1.6915697642616578e-07,0.31304633617401123,0.7082550525665283,0.007953749038279057,0.3799644112586975,0.5947301387786865,-0.011777258478105068,0.44050052762031555,0.535563588142395,-0.04284532740712166,0.511833131313324,0.5005806088447571,-0.07447133213281631,0.2625718414783478,0.4219878911972046,-0.011667745187878609,0.3650403320789337,0.36970311403274536,-0.05707820504903793,0.4352136552333832,0.381610244512558,-0.08276057988405228,0.4823363125324249,0.3926415741443634,-0.0994269922375679,0.2053234577178955,0.43009090423583984,-0.04579553008079529,0.3508959710597992,0.42345497012138367,-0.09882087260484695,0.3641242980957031,0.5413111448287964,-0.11063512414693832,0.32836854457855225,0.575441837310791,-0.1106155663728714,0.16615621745586395,0.4843570590019226,-0.08121242374181747,0.3093811869621277,0.49619153141975403,-0.1340092122554779,0.31883010268211365,0.6055310368537903,-0.12198198586702347,0.2779167592525482,0.6261295676231384,-0.10424241423606873,0.13947555422782898,0.5653492212295532,-0.1163642629981041,0.2503480315208435,0.5893478393554688,-0.1498686969280243,0.26880621910095215,0.6524304747581482,-0.1357690691947937,0.23934628069400787,0.6609489321708679,-0.11837424337863922,pinch,RRQ_p23,RRQ
0.22044825553894043,0.7887227535247803,1.3927164843607898e-07,0.3295956552028656,0.6795917749404907,0.0025478145107626915,0.3990970849990845,0.5676116347312927,-0.016388941556215286,0.4583883285522461,0.5072649121284485,-0.04615401849150658,0.5219692587852478,0.4670139253139496,-0.07404409348964691,0.2991715371608734,0.3859691321849823,0.0011364396195858717,0.40130579471588135,0.3539087176322937,-0.04797561466693878,0.466129869222641,0.3814147114753723,-0.07805654406547546,0.5100107192993164,0.40675026178359985,-0.09575092047452927,0.24225038290023804,0.3890453577041626,-0.028619248420000076,0.37984222173690796,0.3975212872028351,-0.08259239792823792,0.3850744068622589,0.5126243233680725,-0.0963655635714531,0.35118451714515686,0.5400497317314148,-0.09595901519060135,0.20239844918251038,0.43592146039009094,-0.06218484044075012,0.3370573818683624,0.4627647399902344,-0.11553828418254852,0.3396839499473572,0.565933346748352,-0.1061817854642868,0.30096694827079773,0.5792144536972046,-0.08893521875143051,0.17503444850444794,0.5058139562606812,-0.0966300368309021,0.2876138687133789,0.543561577796936,-0.12971191108226776,0.29667192697525024,0.608088493347168,-0.11845812946557999,0.26329854130744934,0.6138610243797302,-0.10240345448255539,pinch,RRQ_p23,RRQ
0.2648942470550537,0.6599098443984985,1.445020814117015e-07,0.3112179934978485,0.6304089426994324,-0.05393620580434799,0.34907734394073486,0.5704072713851929,-0.0947830080986023,0.38087892532348633,0.5030227899551392,-0.13502395153045654,0.40964096784591675,0.4386448562145233,-0.16664238274097443,0.38496822118759155,0.3946426510810852,-0.028591711074113846,0.3944375514984131,0.3273746371269226,-0.0846998542547226,0.4074699580669403,0.3293475806713104,-0.10847588628530502,0.40383729338645935,0.3818681538105011,-0.11339137703180313,0.3219781219959259,0.38336896896362305,-0.02504570223391056,0.3361053466796875,0.3395993113517761,-0.07947329431772232,0.3323434293270111,0.4413032531738281,-0.08069949597120285,0.3308448791503906,0.45022276043891907,-0.06565361469984055,0.2631220817565918,0.3907664716243744,-0.033209506422281265,0.2735349237918854,0.3656103312969208,-0.08529464155435562,0.28089675307273865,0.4478151500225067,-0.06582128256559372,0.280887246131897,0.44573622941970825,-0.040287621319293976,0.19947338104248047,0.41722074151039124,-0.046992186456918716,0.21279171109199524,0.410686194896698,-0.07787387073040009,0.22996602952480316,0.46782219409942627,-0.06267882138490677,0.2372509092092514,0.46981751918792725,-0.04269574582576752,pinch,RRQ_p23,RRQ
0.25326791405677795,0.8014421463012695,9.83460139991621e-08,0.30514833331108093,0.656555712223053,-0.02735341154038906,0.32369378209114075,0.5443179607391357,-0.06808249652385712,0.34064340591430664,0.4642147719860077,-0.11089098453521729,0.3555918037891388,0.3856431841850281,-0.14853429794311523,0.1570504605770111,0.46506255865097046,-0.07116737961769104,0.1988784521818161,0.3657602071762085,-0.13745078444480896,0.276732474565506,0.3611081838607788,-0.1675800234079361,0.3234042525291443,0.3824009299278259,-0.18018022179603577,0.11370515078306198,0.5256332159042358,-0.0894690752029419,0.2089388072490692,0.4471912384033203,-0.15767648816108704,0.27902090549468994,0.5138217210769653,-0.17131197452545166,0.2716131806373596,0.5602370500564575,-0.17143073678016663,0.10274638235569,0.6105878949165344,-0.1110382080078125,0.20551209151744843,0.553564727306366,-0.17350715398788452,0.26530522108078003,0.6035165190696716,-0.1616097241640091,0.25261610746383667,0.6368427276611328,-0.14308765530586243,0.11070862412452698,0.702336311340332,-0.13471192121505737,0.19258947670459747,0.6608494520187378,-0.1728641539812088,0.2433975785970688,0.6673948764801025,-0.15873810648918152,0.2404075562953949,0.6784356236457825,-0.14027521014213562,pinch,RRQ_p23,RRQ
0.4348835051059723,0.616284966468811,1.0905419856044318e-07,0.5012140870094299,0.4728354811668396,-0.0005704992217943072,0.5207473039627075,0.3355046212673187,-0.02112421952188015,0.548021137714386,0.24312451481819153,-0.05113276466727257,0.5797584056854248,0.15914800763130188,-0.07937923073768616,0.3800225853919983,0.25069189071655273,-0.005095770116895437,0.450882226228714,0.15429571270942688,-0.055197298526763916,0.5221268534660339,0.135400652885437,-0.08394784480333328,0.5714031457901001,0.1269771307706833,-0.10083986073732376,0.33654531836509705,0.2819823622703552,-0.03444526717066765,0.44092291593551636,0.18340274691581726,-0.09144621342420578,0.49186253547668457,0.2835688591003418,-0.10388851165771484,0.4766891300678253,0.33091989159584045,-0.1021478921175003,0.32058069109916687,0.3368171155452728,-0.06782197207212448,0.43563175201416016,0.2597295939922333,-0.12453270703554153,0.47803542017936707,0.35448238253593445,-0.11088549345731735,0.4502815902233124,0.3932979702949524,-0.09062057733535767,0.3231739401817322,0.40428370237350464,-0.10188803821802139,0.42457008361816406,0.3590368330478668,-0.13643738627433777,0.45298099517822266,0.4197758436203003,-0.12158539146184921,0.42291396856307983,0.4515926241874695,-0.10399025678634644,pinch,RRQ_p23,RRQ
0.5357988476753235,0.6345363855361938,2.122973228324554e-07,0.6244652271270752,0.5095141530036926,-0.001775749376975,0.6634042859077454,0.3985826373100281,-0.02428535185754299,0.7037796974182129,0.3221096396446228,-0.05502304434776306,0.748532235622406,0.25975704193115234,-0.08357992023229599,0.5309178829193115,0.28805750608444214,-0.014117679558694363,0.630567729473114,0.2176419347524643,-0.062393005937337875,0.6951231956481934,0.21330629289150238,-0.0931597352027893,0.7404435873031616,0.21548190712928772,-0.11198419332504272,0.4987448751926422,0.31984105706214905,-0.04087582603096962,0.6268751621246338,0.25083333253860474,-0.09542378038167953,0.6479606032371521,0.3383500576019287,-0.10766491293907166,0.6239214539527893,0.37860292196273804,-0.1069505587220192,0.4924202263355255,0.3732888996601105,-0.07092015445232391,0.6222243309020996,0.3253667950630188,-0.12165903300046921,0.6392139792442322,0.408471018075943,-0.11053156852722168,0.6106069684028625,0.4403981566429138,-0.09299343824386597,0.5024396181106567,0.4366188645362854,-0.10221537947654724,0.6101070046424866,0.4113663136959076,-0.1327895224094391,0.6241582632064819,0.4647332429885864,-0.12224972248077393,0.5984663367271423,0.4879711866378784,-0.10840028524398804,pinch,RRQ_p23,RRQ
0.3162316679954529,0.7058814764022827,9.315135685028508e-08,0.37120184302330017,0.5885818004608154,-0.017601799219846725,0.39541566371917725,0.46105098724365234,-0.04244682565331459,0.42146143317222595,0.3738291263580322,-0.07282645255327225,0.4550611674785614,0.2980767488479614,-0.09971933811903,0.28525903820991516,0.3438330292701721,-0.014791717752814293,0.32061532139778137,0.2710735499858856,-0.0625452995300293,0.37809550762176514,0.2643629312515259,-0.0861186534166336,0.4217997193336487,0.27561405301094055,-0.09688341617584229,0.22415204346179962,0.3721071779727936,-0.031439635902643204,0.3055435121059418,0.31199735403060913,-0.08152889460325241,0.3519723415374756,0.4153432846069336,-0.08824922144412994,0.33304187655448914,0.45098429918289185,-0.08137916773557663,0.1867225468158722,0.43181997537612915,-0.053717270493507385,0.27506011724472046,0.3994007706642151,-0.1070290207862854,0.3174104690551758,0.48442286252975464,-0.09383714944124222,0.2900809943675995,0.5132037401199341,-0.07260194420814514,0.1621427685022354,0.5089499354362488,-0.07783526182174683,0.24329999089241028,0.4931386113166809,-0.11187592148780823,0.2825900912284851,0.5355406403541565,-0.09796159714460373,0.2591785490512848,0.5543174743652344,-0.07862617075443268,pinch,RRQ_p23,RRQ
0.32340097427368164,0.6278069019317627,-1.190179830246052e-07,0.3668966293334961,0.4643663167953491,-0.020384283736348152,0.36565902829170227,0.33350008726119995,-0.05310159549117088,0.3610517680644989,0.23621055483818054,-0.0909641683101654,0.33996114134788513,0.15156596899032593,-0.12329791486263275,0.18007339537143707,0.28643038868904114,-0.0511239618062973,0.19267798960208893,0.16424188017845154,-0.11585795879364014,0.27154451608657837,0.14125746488571167,-0.1498870551586151,0.32651427388191223,0.15525299310684204,-0.16532398760318756,0.14384329319000244,0.347517728805542,-0.07129427045583725,0.24105142056941986,0.25906074047088623,-0.1356380134820938,0.3161429166793823,0.322683185338974,-0.14938093721866608,0.31303131580352783,0.3721289336681366,-0.15060901641845703,0.14388352632522583,0.4268640875816345,-0.09619508683681488,0.2598187327384949,0.3602156639099121,-0.15182670950889587,0.315803587436676,0.4190286099910736,-0.1397654265165329,0.298911452293396,0.46031415462493896,-0.12406942993402481,0.16563305258750916,0.5091362595558167,-0.12410126626491547,0.2724154591560364,0.470028281211853,-0.15844941139221191,0.30907487869262695,0.4942969083786011,-0.14939431846141815,0.2882508635520935,0.5175103545188904,-0.13645151257514954,pinch,RRQ_p23,RRQ
0.4921490252017975,0.6105837821960449,1.2624526846138906e-07,0.5762808918952942,0.4880150854587555,-0.009950689040124416,0.6211391687393188,0.3637154698371887,-0.03325604274868965,0.6503929495811462,0.28721892833709717,-0.06277554482221603,0.669662356376648,0.2136838436126709,-0.08871569484472275,0.4942665100097656,0.2557592988014221,-0.034822043031454086,0.5476493239402771,0.1405806541442871,-0.09337872266769409,0.6190637350082397,0.14831411838531494,-0.12731526792049408,0.6646906733512878,0.17476098239421844,-0.14353078603744507,0.44990187883377075,0.29632997512817383,-0.05843443423509598,0.547928512096405,0.20621880888938904,-0.12220535427331924,0.6066746711730957,0.29111653566360474,-0.13830149173736572,0.6106635928153992,0.34863072633743286,-0.13796617090702057,0.42753952741622925,0.36213356256484985,-0.08566369861364365,0.542306661605835,0.31602415442466736,-0.14297689497470856,0.5817803144454956,0.40581879019737244,-0.13208359479904175,0.5675550699234009,0.45114248991012573,-0.11247455328702927,0.424823522567749,0.4375680088996887,-0.1143004447221756,0.5251041650772095,0.41853880882263184,-0.1472175419330597,0.552653968334198,0.4642449915409088,-0.13498209416866302,0.5335150361061096,0.4862127900123596,-0.11852016299962997,pinch,RRQ_p23,RRQ
0.24057461321353912,0.6813791990280151,5.72391854802845e-07,0.2845834493637085,0.5899619460105896,-0.03519420325756073,0.29928648471832275,0.4636833071708679,-0.06099233403801918,0.31563013792037964,0.36850252747535706,-0.08735541254281998,0.3404056429862976,0.280212938785553,-0.11027253419160843,0.23923268914222717,0.3356640934944153,-0.01937294565141201,0.25547561049461365,0.27277475595474243,-0.06786736845970154,0.2954762578010559,0.24780558049678802,-0.09991980344057083,0.3331962823867798,0.2506815195083618,-0.11713197082281113,0.18799899518489838,0.3503669500350952,-0.025945618748664856,0.2148585170507431,0.25406697392463684,-0.07341063767671585,0.26663774251937866,0.2763926386833191,-0.08940693736076355,0.28900134563446045,0.2777336835861206,-0.09087830781936646,0.14019927382469177,0.3928768038749695,-0.040084291249513626,0.17969630658626556,0.32932883501052856,-0.10118933022022247,0.2225656509399414,0.4169407784938812,-0.09454730898141861,0.21901404857635498,0.45484861731529236,-0.07518496364355087,0.09682708233594894,0.4546751379966736,-0.05671873688697815,0.14643511176109314,0.4129491150379181,-0.10210970789194107,0.1865023970603943,0.4707612693309784,-0.09134363383054733,0.17948615550994873,0.49808064103126526,-0.07293659448623657,pinch,RRQ_p23,RRQ
0.7306394577026367,0.772260844707489,-4.99756765748316e-07,0.6856681108474731,0.6435918807983398,-0.003711649915203452,0.6087180972099304,0.5373418927192688,-0.029071325436234474,0.5136406421661377,0.504241406917572,-0.05607768893241882,0.4509280323982239,0.5057351589202881,-0.08060620725154877,0.6539300680160522,0.41424238681793213,-0.04081324487924576,0.5087554454803467,0.43015626072883606,-0.0831577479839325,0.5216214656829834,0.49165016412734985,-0.10252934694290161,0.5606696009635925,0.5017808079719543,-0.11291087418794632,0.6551766395568848,0.4872662127017975,-0.06192140281200409,0.4887365698814392,0.5065150260925293,-0.10036960989236832,0.5135967135429382,0.5624455213546753,-0.10056138038635254,0.5555909276008606,0.5675758719444275,-0.09959650039672852,0.6443281769752502,0.5786941647529602,-0.08422922343015671,0.48815640807151794,0.5937392711639404,-0.12066943943500519,0.5201429724693298,0.6412789821624756,-0.1032719686627388,0.5650398135185242,0.6413618326187134,-0.08898130804300308,0.6280300617218018,0.6761890649795532,-0.10615463554859161,0.5116370320320129,0.6873088479042053,-0.13430878520011902,0.5399914979934692,0.7160458564758301,-0.12459933757781982,0.5803090333938599,0.713358998298645,-0.11372067034244537,fist,RRQ_p23,RRQ
0.7879487872123718,0.8528030514717102,-1.0120493243448436e-06,0.6650770902633667,0.7870112657546997,-0.008732017129659653,0.5713925957679749,0.7092382907867432,-0.024025263264775276,0.5061964988708496,0.6712907552719116,-0.042831189930438995,0.4744374752044678,0.6423759460449219,-0.057542599737644196,0.5906012654304504,0.5088997483253479,-0.028177864849567413,0.449895441532135,0.6113009452819824,-0.07180378586053848,0.46660977602005005,0.7012988328933716,-0.09518875181674957,0.5105094313621521,0.7269458174705505,-0.10761900991201401,0.6379919648170471,0.5409429669380188,-0.04741239547729492,0.4890495240688324,0.6774749755859375,-0.09102976322174072,0.521581768989563,0.7530521750450134,-0.09718458354473114,0.5663158893585205,0.7508785724639893,-0.09699279069900513,0.6861571669578552,0.6067073345184326,-0.0700138583779335,0.550240159034729,0.732638418674469,-0.11157625913619995,0.5849549770355225,0.7882809638977051,-0.09846596419811249,0.6277759075164795,0.7687496542930603,-0.08406680822372437,0.7346468567848206,0.6944420337677002,-0.09376432001590729,0.6314053535461426,0.7875102162361145,-0.12436052411794662,0.647029459476471,0.8152405023574829,-0.11648014932870865,0.6807745695114136,0.7915363311767578,-0.10410419851541519,fist,RRQ_p23,RRQ
0.7476406693458557,0.8210883140563965,-1.0005326203099685e-06,0.6230508685112,0.7914518117904663,-0.025869088247418404,0.5360056161880493,0.6930530071258545,-0.03951868414878845,0.5088871121406555,0.6055317521095276,-0.05656937509775162,0.528159499168396,0.539007842540741,-0.0633172020316124,0.5717509388923645,0.4829023480415344,0.009122645482420921,0.4999580383300781,0.4816281795501709,-0.04417537897825241,0.5209342241287231,0.592702329158783,-0.06964100897312164,0.5462248921394348,0.624710202217102,-0.08027536422014236,0.6332972049713135,0.4555216133594513,-0.0033718838822096586,0.5530474185943604,0.4793122708797455,-0.05800280347466469,0.5743606090545654,0.615824818611145,-0.061094775795936584,0.6062443852424622,0.6178606152534485,-0.049009259790182114,0.7003321051597595,0.46222347021102905,-0.02727792039513588,0.6229519844055176,0.4911652207374573,-0.08072848618030548,0.6344754695892334,0.6247189044952393,-0.05599770322442055,0.6658807396888733,0.6210586428642273,-0.025971632450819016,0.7615880370140076,0.4948006272315979,-0.055751364678144455,0.6932262182235718,0.5407525300979614,-0.08289918303489685,0.6877251863479614,0.6283922791481018,-0.06549680978059769,0.7132505178451538,0.6210842132568359,-0.044339973479509354,fist,RRQ_p23,RRQ
0.7254464626312256,0.7566113471984863,-5.789173656012281e-07,0.730862557888031,0.6242647171020508,-1.3598657460534014e-05,0.6971871852874756,0.4930316209793091,-0.017299341037869453,0.6280912756919861,0.42177000641822815,-0.03659793362021446,0.5708057880401611,0.4103975296020508,-0.05605720356106758,0.706490695476532,0.40579885244369507,-0.04711972177028656,0.5602299571037292,0.36629217863082886,-0.08312338590621948,0.5464533567428589,0.428909569978714,-0.09509415179491043,0.5749210715293884,0.46308812499046326,-0.09948207437992096,0.6856403350830078,0.4768652617931366,-0.0660393014550209,0.5223454236984253,0.44451573491096497,-0.09860338270664215,0.530060887336731,0.5060678124427795,-0.09352884441614151,0.5727464556694031,0.5270039439201355,-0.08890639990568161,0.6578820943832397,0.5603063106536865,-0.08478132635354996,0.5070699453353882,0.5295025110244751,-0.11709392815828323,0.530116617679596,0.5831450819969177,-0.10041821002960205,0.5795348882675171,0.5992292761802673,-0.08698628842830658,0.6267067193984985,0.6481905579566956,-0.10260158777236938,0.5179089903831482,0.6280006170272827,-0.1306566596031189,0.5426710247993469,0.6630035042762756,-0.12281477451324463,0.5877278447151184,0.6725492477416992,-0.11305507272481918,fist,RRQ_p23,RRQ
0.6591944694519043,0.8213416337966919,-1.1336937433270577e-07,0.7010695934295654,0.6602578163146973,-0.0009962173644453287,0.6883783340454102,0.5210278630256653,-0.005886414088308811,0.6168490052223206,0.4458580017089844,-0.0061001949943602085,0.5584043264389038,0.4431970715522766,-0.0025639559607952833,0.6050096750259399,0.5134846568107605,-0.041426654905080795,0.5339193344116211,0.4106561541557312,-0.04485388472676277,0.5661978721618652,0.44443732500076294,-0.03687228634953499,0.5972825884819031,0.49172428250312805,-0.028002949431538582,0.5398054122924805,0.5767824053764343,-0.04009021818637848,0.4914545714855194,0.47185418009757996,-0.027910588309168816,0.5244175791740417,0.49353092908859253,-0.012379374355077744,0.5493538975715637,0.5352804660797119,-0.006213218905031681,0.4939326047897339,0.6392611861228943,-0.0346195213496685,0.46374207735061646,0.5474801063537598,-0.016114220023155212,0.4951651096343994,0.5622080564498901,0.0034445603378117085,0.5189270973205566,0.601029634475708,0.008868249133229256,0.46459245681762695,0.6990159153938293,-0.029029494151473045,0.46055838465690613,0.6243472695350647,-0.01292628888040781,0.48837512731552124,0.6373987197875977,0.005567658692598343,0.5050181150436401,0.6679174304008484,0.01633979193866253,fist,RRQ_p23,RRQ
0.7574846744537354,0.6991607546806335,-3.2938694971562654e-07,0.6497916579246521,0.6848137974739075,-0.05213499441742897,0.5609898567199707,0.6928953528404236,-0.0951109305024147,0.5178372859954834,0.7440924644470215,-0.1310911625623703,0.5562048554420471,0.7936874032020569,-0.16077561676502228,0.6117660403251648,0.5121203660964966,-0.09265065938234329,0.5541819334030151,0.6851325035095215,-0.14074698090553284,0.5748524069786072,0.7366491556167603,-0.1613570600748062,0.5934253334999084,0.7059531211853027,-0.17378632724285126,0.6952074766159058,0.5277363061904907,-0.0954013392329216,0.6276490092277527,0.7493013739585876,-0.13642647862434387,0.6344793438911438,0.7701880931854248,-0.1348193883895874,0.6455419659614563,0.7134838104248047,-0.13217124342918396,0.7688798904418945,0.5797079801559448,-0.10337620228528976,0.7012486457824707,0.7856159210205078,-0.13927389681339264,0.6976462006568909,0.7855890393257141,-0.11730406433343887,0.709344208240509,0.726486325263977,-0.09734970331192017,0.8236986398696899,0.6392937302589417,-0.11835245788097382,0.7719919085502625,0.792414665222168,-0.1418839693069458,0.7649183869361877,0.7882164716720581,-0.13032980263233185,0.7737011909484863,0.7428659796714783,-0.11658783257007599,fist,RRQ_p23,RRQ
0.7402244806289673,0.747384786605835,-7.459552193722629e-07,0.6721903085708618,0.7497670650482178,-0.07069873064756393,0.6126317977905273,0.7483370304107666,-0.12448077648878098,0.5914053916931152,0.7745298147201538,-0.16944490373134613,0.587528645992279,0.7929723262786865,-0.20574121177196503,0.5782473683357239,0.5428051948547363,-0.11308514326810837,0.5565045475959778,0.693084716796875,-0.18549230694770813,0.5827329158782959,0.8008631467819214,-0.21554547548294067,0.5923162698745728,0.8255776762962341,-0.23033463954925537,0.6587865352630615,0.5237096548080444,-0.1118791252374649,0.6450539827346802,0.7286206483840942,-0.18390244245529175,0.6645447611808777,0.8421186804771423,-0.19245463609695435,0.6619437336921692,0.813909649848938,-0.1903819590806961,0.7418241500854492,0.5468905568122864,-0.1179150938987732,0.7388032078742981,0.7308839559555054,-0.18238583207130432,0.7377995252609253,0.817145824432373,-0.1607971489429474,0.7268611192703247,0.7866678237915039,-0.1381428986787796,0.8124338388442993,0.5903450846672058,-0.13122928142547607,0.8108397126197815,0.7367434501647949,-0.17790137231349945,0.8002511858940125,0.8025270700454712,-0.16856257617473602,0.7892560958862305,0.7815525531768799,-0.15330323576927185,fist,RRQ_p23,RRQ
0.35095444321632385,0.574651837348938,-9.755829211144373e-08,0.44541001319885254,0.5905042290687561,-0.05780636891722679,0.5379136204719543,0.6190301179885864,-0.10382647067308426,0.5864621996879578,0.6620840430259705,-0.1437683403491974,0.551912784576416,0.7072572708129883,-0.18121525645256042,0.4896520972251892,0.43092525005340576,-0.12685427069664001,0.49859619140625,0.6509773135185242,-0.19264884293079376,0.5004270672798157,0.6814988851547241,-0.22578267753124237,0.49841856956481934,0.6371443867683411,-0.24595226347446442,0.3881605863571167,0.4223881661891937,-0.12840421497821808,0.41191935539245605,0.7012392282485962,-0.1737251877784729,0.42552492022514343,0.7044811844825745,-0.17222805321216583,0.4272313117980957,0.6298626661300659,-0.1768735945224762,0.301242470741272,0.45240628719329834,-0.13343383371829987,0.3328135907649994,0.7089647650718689,-0.16934259235858917,0.3559744656085968,0.7058485150337219,-0.14162324368953705,0.3648240864276886,0.6374024748802185,-0.12364335358142853,0.2323477864265442,0.49660611152648926,-0.14794135093688965,0.26265063881874084,0.6830265522003174,-0.17921842634677887,0.2837722897529602,0.6895715594291687,-0.1690235733985901,0.2876167893409729,0.6523818373680115,-0.15834039449691772,fist,RRQ_p23,RRQ
0.28482958674430847,0.7566792964935303,-6.303158102127782e-07,0.3823164403438568,0.7030205726623535,-0.04717626795172691,0.4831385314464569,0.5783719420433044,-0.06945658475160599,0.5429936647415161,0.4569264054298401,-0.08919614553451538,0.5048308968544006,0.36589792370796204,-0.09588596969842911,0.444339781999588,0.3912819027900696,-0.03176436200737953,0.4729978144168854,0.295165479183197,-0.08820220828056335,0.46178844571113586,0.43066954612731934,-0.10992038249969482,0.4392892122268677,0.45428210496902466,-0.11808343231678009,0.3668447732925415,0.39172282814979553,-0.032960500568151474,0.39472442865371704,0.3182227611541748,-0.08951836824417114,0.3988202214241028,0.48158425092697144,-0.09393862634897232,0.3831029534339905,0.46721699833869934,-0.08674942702054977,0.2897854149341583,0.4112778604030609,-0.04316116124391556,0.312738299369812,0.32788023352622986,-0.10385002940893173,0.3316737711429596,0.48007816076278687,-0.07573424279689789,0.3181700110435486,0.48177850246429443,-0.04571110010147095,0.20903122425079346,0.4390460252761841,-0.05711197108030319,0.24079440534114838,0.4002835750579834,-0.09458007663488388,0.26675814390182495,0.49965372681617737,-0.07001708447933197,0.2583979368209839,0.5150737762451172,-0.043445199728012085,fist,RRQ_p23,RRQ
0.33401578664779663,0.7055935859680176,-1.1195451321555083e-07,0.3738490641117096,0.5413655042648315,-0.009143206290900707,0.3934227228164673,0.40112069249153137,-0.038397204130887985,0.42304855585098267,0.2937262952327728,-0.06924320012331009,0.44852152466773987,0.2328675389289856,-0.09346078336238861,0.25045812129974365,0.3244256377220154,-0.07655876129865646,0.3846713602542877,0.24130351841449738,-0.1210792288184166,0.43611380457878113,0.29002276062965393,-0.12984496355056763,0.4340772330760956,0.33581557869911194,-0.13219137489795685,0.2542964220046997,0.3974977433681488,-0.1004520133137703,0.43306878209114075,0.32170945405960083,-0.13986818492412567,0.4672941565513611,0.3871534466743469,-0.1304127722978592,0.44823846220970154,0.4234482944011688,-0.12479185312986374,0.2838729918003082,0.48745959997177124,-0.12451992928981781,0.46350163221359253,0.42583245038986206,-0.15794822573661804,0.47305768728256226,0.4867880940437317,-0.13697564601898193,0.44053637981414795,0.5192006230354309,-0.12412644922733307,0.3278377652168274,0.5796739459037781,-0.15014328062534332,0.46500101685523987,0.5255752801895142,-0.17149297893047333,0.4653778374195099,0.5593458414077759,-0.16069436073303223,0.4328681230545044,0.5821455121040344,-0.1530107855796814,fist,RRQ_p23,RRQ
0.29935094714164734,0.6305526494979858,3.400828063604422e-07,0.30246442556381226,0.4627430737018585,-0.04953807592391968,0.32259202003479004,0.3112320899963379,-0.09311293810606003,0.3753868639469147,0.24245226383209229,-0.1316131353378296,0.4226003885269165,0.2736562192440033,-0.16635356843471527,0.21721479296684265,0.4142717719078064,-0.12723110616207123,0.3778240978717804,0.31261923909187317,-0.18608152866363525,0.4017098844051361,0.34546494483947754,-0.21177583932876587,0.37555524706840515,0.3933383822441101,-0.2279490977525711,0.23698686063289642,0.556509256362915,-0.13609318435192108,0.45456719398498535,0.433784157037735,-0.18444547057151794,0.44556981325149536,0.4437418580055237,-0.17932429909706116,0.39768388867378235,0.46635836362838745,-0.18054701387882233,0.28406694531440735,0.6709566116333008,-0.14754214882850647,0.4825928807258606,0.5511063933372498,-0.1826196014881134,0.4648401737213135,0.5355461239814758,-0.14931829273700714,0.42100682854652405,0.5407587885856628,-0.12840911746025085,0.3327800929546356,0.7593021392822266,-0.16721129417419434,0.4898933172225952,0.6664725542068481,-0.19970732927322388,0.4778083562850952,0.6307762861251831,-0.18687112629413605,0.4417674243450165,0.6233406066894531,-0.1752261221408844,fist,RRQ_p23,RRQ
0.5052434802055359,0.7164244651794434,-1.173302788259889e-08,0.38205939531326294,0.6508271098136902,-0.028993995860219002,0.2826465666294098,0.5134676694869995,-0.07558838278055191,0.2518079876899719,0.3877677619457245,-0.11114905029535294,0.2899784445762634,0.3481113910675049,-0.13892820477485657,0.3100934326648712,0.633135199546814,-0.1834018975496292,0.3111751973628998,0.3885728120803833,-0.2205517590045929,0.33686956763267517,0.40152060985565186,-0.2050895392894745,0.3468652665615082,0.4742158055305481,-0.19033648073673248,0.40957850217819214,0.6449692249298096,-0.1923796385526657,0.4003277122974396,0.3766508996486664,-0.22653654217720032,0.4078502655029297,0.4024896025657654,-0.18931178748607635,0.41543498635292053,0.4831176698207855,-0.1685800850391388,0.49960529804229736,0.6322416067123413,-0.1946638524532318,0.481004536151886,0.3914412260055542,-0.20574907958507538,0.47586628794670105,0.41475337743759155,-0.15539278090000153,0.47911587357521057,0.48574626445770264,-0.12905102968215942,0.5774871110916138,0.606533944606781,-0.1995677649974823,0.5453179478645325,0.4151952266693115,-0.19475331902503967,0.5253005027770996,0.4296933114528656,-0.16203173995018005,0.5177760124206543,0.4903465211391449,-0.14621472358703613,fist,RRQ_p23,RRQ
0.3363037407398224,0.692204475402832,1.2449689279492304e-07,0.3963279128074646,0.6964994668960571,-0.12663577497005463,0.4229971170425415,0.6764677166938782,-0.20274271070957184,0.3622085154056549,0.667876124382019,-0.25286537408828735,0.2943127155303955,0.6440874338150024,-0.2871856987476349,0.3679131865501404,0.4224741756916046,-0.18817898631095886,0.25498151779174805,0.5502796769142151,-0.2786555886268616,0.28061994910240173,0.6238831877708435,-0.31324151158332825,0.3079271614551544,0.5964710116386414,-0.33173009753227234,0.2955786883831024,0.3948490619659424,-0.1560671627521515,0.20159262418746948,0.5828054547309875,-0.24424947798252106,0.2695086896419525,0.6682835817337036,-0.2498469352722168,0.3164846897125244,0.6280038356781006,-0.245627760887146,0.23503214120864868,0.41789886355400085,-0.13437393307685852,0.1676720678806305,0.6131091117858887,-0.20321598649024963,0.23268727958202362,0.682502806186676,-0.17809633910655975,0.2719493806362152,0.6455930471420288,-0.15580937266349792,0.19206422567367554,0.4685749411582947,-0.1255909651517868,0.15755483508110046,0.6251183748245239,-0.17949900031089783,0.20846424996852875,0.6787926554679871,-0.18014200031757355,0.24294164776802063,0.6520434021949768,-0.17165318131446838,fist,RRQ_p23,RRQ
0.41945743560791016,0.6158110499382019,-4.562411675124167e-07,0.5399836301803589,0.542407214641571,0.007783112581819296,0.6004695892333984,0.44574597477912903,-0.0018640123307704926,0.6566789150238037,0.38053902983665466,-0.01964004710316658,0.7040711641311646,0.33691853284835815,-0.031167838722467422,0.5194173455238342,0.2377835363149643,0.0029843964148312807,0.6587486863136292,0.259726345539093,-0.02838529273867607,0.6556777358055115,0.33240389823913574,-0.04865128546953201,0.6261818408966064,0.35898423194885254,-0.06269669532775879,0.5068372488021851,0.26072293519973755,-0.02122260071337223,0.6610093116760254,0.32342228293418884,-0.048316746950149536,0.6416105031967163,0.39632660150527954,-0.054511796683073044,0.6019818782806396,0.40506789088249207,-0.05978561192750931,0.507397472858429,0.31553590297698975,-0.047989800572395325,0.6488348245620728,0.3942139446735382,-0.06780263036489487,0.6220893859863281,0.45623770356178284,-0.058125752955675125,0.5797540545463562,0.4572075307369232,-0.053533684462308884,0.5161699652671814,0.38505735993385315,-0.07626831531524658,0.6298200488090515,0.44535142183303833,-0.08517830818891525,0.6100420355796814,0.4935685992240906,-0.07655753195285797,0.5743606686592102,0.49565771222114563,-0.07155892252922058,fist,RRQ_p23,RRQ
0.3868992030620575,0.6459708213806152,-5.571009182858688e-07,0.4825151562690735,0.6067740321159363,-0.04392161965370178,0.586804986000061,0.5114079117774963,-0.0661177858710289,0.6447920799255371,0.40250569581985474,-0.08563758432865143,0.6101574897766113,0.3134937882423401,-0.09359333664178848,0.5547491312026978,0.33661478757858276,-0.03348088636994362,0.5896246433258057,0.24951015412807465,-0.08459045737981796,0.5691244006156921,0.372616171836853,-0.10305315256118774,0.5469287633895874,0.3929891586303711,-0.10996607691049576,0.4855045676231384,0.328235924243927,-0.034389570355415344,0.5181760191917419,0.25906404852867126,-0.08736351132392883,0.5098527073860168,0.40784385800361633,-0.09155227243900299,0.49469879269599915,0.3964582085609436,-0.0853469967842102,0.41475045680999756,0.3369966149330139,-0.04293094947934151,0.4428182542324066,0.25930625200271606,-0.09953143447637558,0.4484691917896271,0.3995344936847687,-0.07347305864095688,0.4341045618057251,0.4019302725791931,-0.045795656740665436,0.33820462226867676,0.35349586606025696,-0.05471152067184448,0.3722606301307678,0.31716617941856384,-0.08937937021255493,0.38918039202690125,0.4102855324745178,-0.06658761203289032,0.37894514203071594,0.4250645339488983,-0.042308397591114044,fist,RRQ_p23,RRQ
0.45218273997306824,0.7762460708618164,6.940709340597095e-07,0.5327033400535583,0.7389993071556091,-0.05047988519072533,0.593028724193573,0.6552954912185669,-0.07887426018714905,0.6416311860084534,0.5753286480903625,-0.10340581834316254,0.6910657286643982,0.5118424296379089,-0.12890735268592834,0.5418576598167419,0.48265668749809265,-0.061364952474832535,0.5666744112968445,0.3563755750656128,-0.10125412791967392,0.5821520090103149,0.27396708726882935,-0.1309320330619812,0.5939570069313049,0.1983303725719452,-0.15246225893497467,0.48595115542411804,0.4686130881309509,-0.06358251720666885,0.4913114607334137,0.319553405046463,-0.09927146136760712,0.4954437017440796,0.2238965630531311,-0.1269143670797348,0.49659234285354614,0.13925141096115112,-0.14694133400917053,0.43404334783554077,0.49121373891830444,-0.07089889049530029,0.42553436756134033,0.3573749363422394,-0.10637415200471878,0.422415167093277,0.2648773491382599,-0.13053500652313232,0.4210522770881653,0.1772788166999817,-0.14699672162532806,0.3852144777774811,0.5398953557014465,-0.08246921747922897,0.36263853311538696,0.44317254424095154,-0.11701785027980804,0.35007888078689575,0.3766920566558838,-0.13424071669578552,0.34077295660972595,0.3088337481021881,-0.14506438374519348,open_palm,RRQ_p23,RRQ
0.25230738520622253,0.7787020206451416,5.764582056144718e-07,0.3212572932243347,0.7168552279472351,-0.05082693696022034,0.36780020594596863,0.6188172698020935,-0.07538362592458725,0.3871777057647705,0.5213776230812073,-0.09575974196195602,0.3726004362106323,0.4381409287452698,-0.11594396084547043,0.32060301303863525,0.4557003974914551,-0.050759296864271164,0.3208278715610504,0.3238016664981842,-0.08806714415550232,0.31363001465797424,0.24015815556049347,-0.11851251125335693,0.3050915002822876,0.16025274991989136,-0.1405268907546997,0.2654247283935547,0.44396477937698364,-0.05040276423096657,0.25960779190063477,0.2899533808231354,-0.08271878957748413,0.2543317973613739,0.1881972849369049,-0.11083163321018219,0.24984553456306458,0.09607571363449097,-0.13163691759109497,0.21538327634334564,0.4640122950077057,-0.05563902109861374,0.2053965926170349,0.3192896246910095,-0.08514304459095001,0.20267781615257263,0.22165986895561218,-0.10738322883844376,0.2027835249900818,0.1315513253211975,-0.12341322749853134,0.16849300265312195,0.5085098743438721,-0.06594152748584747,0.1538439393043518,0.40626320242881775,-0.09412172436714172,0.14826080203056335,0.33433520793914795,-0.10898377746343613,0.1454600989818573,0.26504096388816833,-0.11886466294527054,open_palm,RRQ_p23,RRQ
0.5718122720718384,0.8071894645690918,5.932008662057342e-07,0.659887969493866,0.7707083225250244,-0.03959687426686287,0.726707398891449,0.6878001689910889,-0.06322577595710754,0.7692083716392517,0.610495388507843,-0.0848747193813324,0.7992650270462036,0.532910943031311,-0.10789968073368073,0.7017960548400879,0.5232444405555725,-0.053040117025375366,0.7366690635681152,0.4009327292442322,-0.09248485416173935,0.7530756592750549,0.32078027725219727,-0.12229810655117035,0.766869068145752,0.2455255687236786,-0.14402048289775848,0.6538268327713013,0.5074183940887451,-0.061164289712905884,0.6876536011695862,0.3678498864173889,-0.09715219587087631,0.7072821259498596,0.27182093262672424,-0.12601114809513092,0.7228107452392578,0.1845519244670868,-0.14766229689121246,0.6013151407241821,0.5237603187561035,-0.07372720539569855,0.6230285167694092,0.38847172260284424,-0.10906438529491425,0.6420422196388245,0.29975688457489014,-0.13388502597808838,0.6607890129089355,0.21771422028541565,-0.15168124437332153,0.5452167987823486,0.5634577870368958,-0.08948328346014023,0.548384428024292,0.46547743678092957,-0.12509453296661377,0.5559357404708862,0.39748314023017883,-0.14380735158920288,0.5639487504959106,0.33108919858932495,-0.15622110664844513,open_palm,RRQ_p23,RRQ
0.41354286670684814,0.8139615058898926,6.542692290167906e-07,0.4943646192550659,0.7771425843238831,-0.049641065299510956,0.5588210821151733,0.7036335468292236,-0.07729331403970718,0.5974956750869751,0.6287018656730652,-0.10128698498010635,0.6324635148048401,0.5528122782707214,-0.12566877901554108,0.5224296450614929,0.5336126089096069,-0.05465317890048027,0.5497868061065674,0.4187260866165161,-0.09372548758983612,0.5657308101654053,0.34453660249710083,-0.12406962364912033,0.5798045992851257,0.2731485962867737,-0.14589384198188782,0.47091144323349,0.5161890983581543,-0.05653318390250206,0.488396018743515,0.38408488035202026,-0.09044301509857178,0.4997981786727905,0.2948469817638397,-0.11838968098163605,0.5091552138328552,0.2113528847694397,-0.1389397829771042,0.41912832856178284,0.5329164266586304,-0.06397760659456253,0.4199765920639038,0.40890514850616455,-0.09742966294288635,0.42419928312301636,0.32354962825775146,-0.12081149220466614,0.4312671422958374,0.2412276268005371,-0.13703934848308563,0.36710768938064575,0.5741783380508423,-0.07577552646398544,0.3510408401489258,0.48461127281188965,-0.10859430581331253,0.34400779008865356,0.4214978516101837,-0.12532062828540802,0.34028494358062744,0.3569643795490265,-0.1358332633972168,open_palm,RRQ_p23,RRQ
0.29557284712791443,0.6280741691589355,4.4380198005455895e-07,0.3537243604660034,0.5820682048797607,-0.04342587664723396,0.39427804946899414,0.5089307427406311,-0.06562913954257965,0.41544249653816223,0.43787646293640137,-0.08466880023479462,0.4308190643787384,0.3675847351551056,-0.10324736684560776,0.3552788496017456,0.35629114508628845,-0.039653532207012177,0.35667261481285095,0.2576192021369934,-0.06978659331798553,0.35121482610702515,0.19314417243003845,-0.095408134162426,0.34429284930229187,0.13018569350242615,-0.11456751078367233,0.30942168831825256,0.3469463884830475,-0.03929053619503975,0.302806556224823,0.23144015669822693,-0.06510181725025177,0.29313236474990845,0.15591101348400116,-0.08933024108409882,0.2825806140899658,0.08491742610931396,-0.107775017619133,0.2680005431175232,0.3665735125541687,-0.04389716312289238,0.25257399678230286,0.2632932960987091,-0.06819478422403336,0.24093198776245117,0.19365294277668,-0.08679676055908203,0.23060481250286102,0.1268371343612671,-0.10039518773555756,0.22845306992530823,0.40744414925575256,-0.052914105355739594,0.21194246411323547,0.3307991921901703,-0.07552537322044373,0.2021850049495697,0.27800530195236206,-0.08734991401433945,0.19320207834243774,0.2253677099943161,-0.0953277051448822,open_palm,RRQ_p23,RRQ
0.48732879757881165,0.6141641139984131,5.896585548725852e-07,0.5620859861373901,0.572711169719696,-0.03409631550312042,0.6168468594551086,0.48666393756866455,-0.04883585497736931,0.6500319242477417,0.4073313772678375,-0.061394788324832916,0.6794065237045288,0.338683545589447,-0.07440068572759628,0.581951916217804,0.3580833375453949,-0.028510477393865585,0.6101817488670349,0.265881210565567,-0.05695486441254616,0.6269336938858032,0.2085610330104828,-0.08044020086526871,0.6434205174446106,0.1528070867061615,-0.097663514316082,0.5384092926979065,0.3484208285808563,-0.030262025073170662,0.5623494386672974,0.25039294362068176,-0.05552172288298607,0.5795092582702637,0.18842993676662445,-0.07628292590379715,0.5980875492095947,0.12723812460899353,-0.09180896729230881,0.4934784770011902,0.3645182251930237,-0.03707796707749367,0.5081990361213684,0.26912838220596313,-0.06457953155040741,0.5243791937828064,0.21294337511062622,-0.0799371749162674,0.5440636873245239,0.15803512930870056,-0.09015247225761414,0.44541388750076294,0.398478239774704,-0.047068189829587936,0.45356622338294983,0.3287872076034546,-0.0742991641163826,0.46610161662101746,0.28511762619018555,-0.08597654849290848,0.48140469193458557,0.23922844231128693,-0.09285923093557358,open_palm,RRQ_p23,RRQ
0.3105807602405548,0.6304770708084106,4.123222936414095e-07,0.371958464384079,0.5851238965988159,-0.040191590785980225,0.41253864765167236,0.504884660243988,-0.060335077345371246,0.4347882866859436,0.4284312427043915,-0.07754990458488464,0.4630480408668518,0.36513710021972656,-0.0945575162768364,0.3759099841117859,0.3648504614830017,-0.03812691941857338,0.3770667612552643,0.26082074642181396,-0.0675482228398323,0.3719673156738281,0.19292931258678436,-0.09144207835197449,0.3661144971847534,0.12908729910850525,-0.1094084084033966,0.331943541765213,0.35524311661720276,-0.03875258192420006,0.3262082636356354,0.2330818623304367,-0.0657753050327301,0.32013410329818726,0.15325389802455902,-0.08871274441480637,0.31470248103141785,0.08072295784950256,-0.10553117096424103,0.2925874590873718,0.372346431016922,-0.04396415129303932,0.2840416133403778,0.2581593096256256,-0.07048648595809937,0.2794225513935089,0.18209175765514374,-0.08867489546537399,0.2758936285972595,0.11047828197479248,-0.10129079222679138,0.25449076294898987,0.4093683063983917,-0.05300988629460335,0.24460139870643616,0.32691511511802673,-0.0780935138463974,0.24070027470588684,0.27020078897476196,-0.0905987024307251,0.23749378323554993,0.21362726390361786,-0.09859754145145416,open_palm,RRQ_p23,RRQ
0.7260143756866455,0.6931419372558594,7.277196800714592e-07,0.6414827704429626,0.6818817853927612,-0.052479006350040436,0.5603674054145813,0.6323544383049011,-0.08677330613136292,0.500018835067749,0.5747873187065125,-0.11604387313127518,0.4402090311050415,0.5122436285018921,-0.14544087648391724,0.5554266571998596,0.43843314051628113,-0.05850464850664139,0.5139330625534058,0.31959378719329834,-0.09992735832929611,0.4904198944568634,0.24509888887405396,-0.1335333287715912,0.47309166193008423,0.1714518666267395,-0.15856966376304626,0.603608250617981,0.4013887047767639,-0.06235387548804283,0.5593643188476562,0.2583346366882324,-0.09803393483161926,0.5349515080451965,0.16742655634880066,-0.1296607106924057,0.5121995210647583,0.08142480254173279,-0.15450888872146606,0.6576964855194092,0.3986988961696625,-0.07243181020021439,0.6226652264595032,0.2602938413619995,-0.10839743912220001,0.6005407571792603,0.1714058518409729,-0.13426794111728668,0.577380359172821,0.08919355273246765,-0.15408529341220856,0.7178073525428772,0.41994592547416687,-0.08686711639165878,0.6974397897720337,0.3162730932235718,-0.11983007937669754,0.6826968193054199,0.2451072335243225,-0.1372481733560562,0.6648535132408142,0.17672917246818542,-0.15058988332748413,open_palm,RRQ_p23,RRQ
0.773993968963623,0.6268569827079773,7.827221111256222e-07,0.7064580917358398,0.6167944073677063,-0.04461144283413887,0.6449692845344543,0.5821417570114136,-0.08045616745948792,0.6015783548355103,0.5546818971633911,-0.11179356276988983,0.55271315574646,0.5170121192932129,-0.14502723515033722,0.6411973834037781,0.4074172377586365,-0.07499673962593079,0.6120152473449707,0.2974759042263031,-0.11888832598924637,0.5990314483642578,0.22719696164131165,-0.15082551538944244,0.5916604399681091,0.16021659970283508,-0.17326247692108154,0.6921875476837158,0.3834172189235687,-0.081977978348732,0.6632170677185059,0.25206053256988525,-0.12179609388113022,0.6489631533622742,0.16480670869350433,-0.1519668698310852,0.6351842284202576,0.08379989862442017,-0.17400789260864258,0.7465912103652954,0.38832300901412964,-0.09273815155029297,0.7245677709579468,0.2598930597305298,-0.13267719745635986,0.7111502289772034,0.17712938785552979,-0.15877893567085266,0.6941542625427246,0.09797662496566772,-0.17695896327495575,0.8026866912841797,0.41362154483795166,-0.10610602796077728,0.7950735688209534,0.31760329008102417,-0.14327454566955566,0.7876816987991333,0.25262153148651123,-0.16124854981899261,0.7757378220558167,0.18747839331626892,-0.17326489090919495,open_palm,RRQ_p23,RRQ
0.4964837431907654,0.737464427947998,4.1085351654146507e-07,0.41337335109710693,0.7331063151359558,-0.029414914548397064,0.32832637429237366,0.6743351221084595,-0.053230948746204376,0.2667085528373718,0.6297067403793335,-0.07669917494058609,0.20652897655963898,0.5875807404518127,-0.10201624780893326,0.3263168931007385,0.506514310836792,-0.050609905272722244,0.266046941280365,0.40683773159980774,-0.09230242669582367,0.22478337585926056,0.35125094652175903,-0.12375503778457642,0.18998534977436066,0.29834306240081787,-0.14713731408119202,0.35966143012046814,0.4902394413948059,-0.06494747847318649,0.2904493510723114,0.37644875049591064,-0.10562203824520111,0.2473737895488739,0.3031047582626343,-0.13731908798217773,0.20879685878753662,0.23065567016601562,-0.16044504940509796,0.40490826964378357,0.49657952785491943,-0.08295511454343796,0.3434358537197113,0.3774096965789795,-0.12384787201881409,0.3058335483074188,0.30160054564476013,-0.15106700360774994,0.2705456614494324,0.2297760248184204,-0.1699267476797104,0.46066856384277344,0.520585834980011,-0.10296620428562164,0.4190899431705475,0.43157726526260376,-0.14242227375507355,0.3861040472984314,0.372446745634079,-0.16369983553886414,0.3540923297405243,0.31440508365631104,-0.1783035546541214,open_palm,RRQ_p23,RRQ
0.6645830273628235,0.6740520000457764,7.15806038442679e-07,0.5886825919151306,0.6637662649154663,-0.042346611618995667,0.5172431468963623,0.6184665560722351,-0.07497763633728027,0.4634043574333191,0.5817549824714661,-0.10379467159509659,0.40807390213012695,0.5332707166671753,-0.13512898981571198,0.5164912343025208,0.43405914306640625,-0.07048634439706802,0.4727500379085541,0.3256746232509613,-0.11472660303115845,0.4427869915962219,0.25958794355392456,-0.14725826680660248,0.4180806875228882,0.1963685154914856,-0.1716488003730774,0.567266583442688,0.40920647978782654,-0.08140143752098083,0.5229018330574036,0.2760807275772095,-0.12552885711193085,0.4970393776893616,0.19057241082191467,-0.16043733060359955,0.4724436402320862,0.10796850919723511,-0.18554899096488953,0.6234480142593384,0.4177739918231964,-0.09615342319011688,0.5914750695228577,0.28756600618362427,-0.1453692764043808,0.5702552199363708,0.19916683435440063,-0.18032319843769073,0.546176552772522,0.1112845242023468,-0.20426048338413239,0.6832072734832764,0.45072031021118164,-0.11238250136375427,0.6876775622367859,0.35539519786834717,-0.16008155047893524,0.6914646625518799,0.285625696182251,-0.18534785509109497,0.6896070241928101,0.2119038999080658,-0.20248498022556305,open_palm,RRQ_p23,RRQ
0.6763834357261658,0.5764682292938232,4.340930104262952e-07,0.6176190972328186,0.564731776714325,-0.033232804387807846,0.5594714879989624,0.5192440152168274,-0.054536111652851105,0.5190081596374512,0.4721248149871826,-0.07245469838380814,0.4799959659576416,0.4269777834415436,-0.09085280448198318,0.5650468468666077,0.3803728520870209,-0.04030496999621391,0.5311403274536133,0.2994820475578308,-0.068516306579113,0.5095075368881226,0.2510485351085663,-0.09074179083108902,0.4924391508102417,0.20276421308517456,-0.10765374451875687,0.6040156483650208,0.35519662499427795,-0.04520730301737785,0.5743795037269592,0.2500346302986145,-0.07146155834197998,0.5555856227874756,0.18561400473117828,-0.09386273473501205,0.5373259782791138,0.12415602803230286,-0.11076723039150238,0.6468249559402466,0.35626980662345886,-0.05389126017689705,0.6264257431030273,0.25367504358291626,-0.08276565372943878,0.6105882525444031,0.1878545582294464,-0.10298032313585281,0.5935952067375183,0.1246953010559082,-0.11751392483711243,0.6915668845176697,0.3761940598487854,-0.06478174775838852,0.6904597282409668,0.2959105372428894,-0.09164842218160629,0.6902876496315002,0.24071352183818817,-0.10503631085157394,0.6869813799858093,0.18550387024879456,-0.11455641686916351,open_palm,RRQ_p23,RRQ
0.7865095138549805,0.5391048192977905,5.178771402825078e-07,0.7307671308517456,0.5252662897109985,-0.03073386661708355,0.680867075920105,0.4818401336669922,-0.05140390247106552,0.6502447724342346,0.4374925494194031,-0.06888887286186218,0.6173631548881531,0.39138340950012207,-0.08677078038454056,0.6950050592422485,0.34168294072151184,-0.03937126323580742,0.6751943230628967,0.2602744400501251,-0.06560367345809937,0.6648632287979126,0.20939382910728455,-0.08597773313522339,0.6582260131835938,0.1590409129858017,-0.1015097126364708,0.738643229007721,0.32382696866989136,-0.044322624802589417,0.7260357141494751,0.22238878905773163,-0.06841345131397247,0.7215949296951294,0.1567499041557312,-0.08889681845903397,0.7167229652404785,0.09356704354286194,-0.10451886057853699,0.7824752926826477,0.33155539631843567,-0.05272618308663368,0.7760481834411621,0.23495104908943176,-0.0808340311050415,0.7718756198883057,0.1713162660598755,-0.10018819570541382,0.7652130722999573,0.10885852575302124,-0.11391057819128036,0.8266912698745728,0.3573611378669739,-0.06289858371019363,0.8389540910720825,0.2830768823623657,-0.08918210119009018,0.847217321395874,0.23223648965358734,-0.10193178802728653,0.8512993454933167,0.1796552836894989,-0.11083781719207764,open_palm,RRQ_p23,RRQ
0.5104421973228455,0.6179249286651611,1.6585953233061446e-07,0.43341192603111267,0.5902090668678284,-0.020979510620236397,0.3644678592681885,0.5195754766464233,-0.03674975037574768,0.31779274344444275,0.46279263496398926,-0.05356481298804283,0.2831014394760132,0.4023933410644531,-0.07096731662750244,0.3854454755783081,0.3789129853248596,-0.022064058110117912,0.3423655033111572,0.2898288667201996,-0.05464700609445572,0.3061169981956482,0.24760283529758453,-0.0813974142074585,0.2703827917575836,0.2098975032567978,-0.10045233368873596,0.4174942076206207,0.36353278160095215,-0.03368702530860901,0.3673475384712219,0.26036420464515686,-0.06474743783473969,0.326687216758728,0.20385612547397614,-0.09063029289245605,0.287017822265625,0.15051782131195068,-0.10865256190299988,0.45753899216651917,0.3675200939178467,-0.049310021102428436,0.4121565818786621,0.26145946979522705,-0.08054930716753006,0.3732653558254242,0.2036859393119812,-0.10015969723463058,0.3352501690387726,0.15300625562667847,-0.11253330111503601,0.5029987096786499,0.3876781761646271,-0.06682492047548294,0.47762277722358704,0.2981386184692383,-0.09437190741300583,0.45604848861694336,0.23859365284442902,-0.10771527141332626,0.4344741702079773,0.18366365134716034,-0.11598005145788193,open_palm,RRQ_p23,RRQ
0.6766164898872375,0.6324483752250671,4.6575812007176864e-07,0.6075459122657776,0.6233117580413818,-0.03388157859444618,0.5417242050170898,0.5807822346687317,-0.058869872242212296,0.49485352635383606,0.5449462532997131,-0.08115816861391068,0.445528507232666,0.5047888159751892,-0.10456269234418869,0.5355439186096191,0.42566487193107605,-0.047133564949035645,0.4936537742614746,0.3400486707687378,-0.08237961679697037,0.46288973093032837,0.29644888639450073,-0.10961772501468658,0.43132296204566956,0.2538447678089142,-0.1301703155040741,0.5799465179443359,0.40000301599502563,-0.05680617317557335,0.5405876636505127,0.293173611164093,-0.0915786623954773,0.5115972757339478,0.2307409793138504,-0.11996220797300339,0.48003488779067993,0.1713646650314331,-0.14066389203071594,0.6301175951957703,0.40252017974853516,-0.07057711482048035,0.5978302955627441,0.2941246032714844,-0.10992951691150665,0.5730324983596802,0.2293698936700821,-0.13640892505645752,0.5435365438461304,0.16513925790786743,-0.15455399453639984,0.6830975413322449,0.4258178472518921,-0.08595841377973557,0.6808854341506958,0.33911222219467163,-0.12374056875705719,0.6799246668815613,0.2795065641403198,-0.14273247122764587,0.6727082133293152,0.21908721327781677,-0.15560176968574524,open_palm,RRQ_p23,RRQ
0.6607165932655334,0.6402164697647095,-3.926447504909447e-07,0.6364211440086365,0.526585578918457,-0.06677281856536865,0.6131275296211243,0.4071434438228607,-0.11209837347269058,0.6098709106445312,0.3095666766166687,-0.144282728433609,0.6337341070175171,0.20540699362754822,-0.17006917297840118,0.7085978388786316,0.47996148467063904,-0.1252271831035614,0.5426636338233948,0.5039172172546387,-0.17517787218093872,0.5572325587272644,0.5114259719848633,-0.19957135617733002,0.6083596348762512,0.5116888880729675,-0.21409223973751068,0.7237011194229126,0.5927664637565613,-0.11700086295604706,0.5300521850585938,0.6157011389732361,-0.14937983453273773,0.5586644411087036,0.6021449565887451,-0.14419472217559814,0.617461621761322,0.5921452641487122,-0.14508934319019318,0.7208179831504822,0.6948771476745605,-0.11209284514188766,0.538617730140686,0.703347384929657,-0.14362917840480804,0.5656949281692505,0.677828311920166,-0.10996358096599579,0.6168734431266785,0.6642208695411682,-0.08645638078451157,0.7058314085006714,0.7839838266372681,-0.11631099879741669,0.5644104480743408,0.7810372710227966,-0.152502179145813,0.5839060544967651,0.7573243379592896,-0.14214272797107697,0.6279729008674622,0.7450400590896606,-0.12883086502552032,thumbs_up,RRQ_p23,RRQ
0.5606485605239868,0.6470668315887451,-2.5423604554930535e-08,0.5227623581886292,0.5345620512962341,-0.00035253859823569655,0.47006991505622864,0.45054271817207336,-0.010697143152356148,0.43101444840431213,0.3725086450576782,-0.022209076210856438,0.4259524345397949,0.30054453015327454,-0.0337122417986393,0.3827340006828308,0.4951566755771637,-0.017642799764871597,0.3341066837310791,0.5053536295890808,-0.02193906530737877,0.3633072078227997,0.5147081017494202,-0.026414724066853523,0.39218008518218994,0.5120116472244263,-0.030024690553545952,0.3758203983306885,0.5770454406738281,-0.022482864558696747,0.331851601600647,0.5686089992523193,-0.018059533089399338,0.3587533235549927,0.571302592754364,-0.014498437754809856,0.38808518648147583,0.5720674395561218,-0.015602133236825466,0.3816725015640259,0.6534397602081299,-0.025424599647521973,0.346852570772171,0.6347835063934326,-0.01707305945456028,0.370566725730896,0.6333435773849487,-0.008164331316947937,0.39961183071136475,0.6333750486373901,-0.006731596775352955,0.3952377140522003,0.7175512313842773,-0.028699275106191635,0.37474340200424194,0.6936348080635071,-0.019142743200063705,0.3972955346107483,0.6876927018165588,-0.006743478123098612,0.419539213180542,0.6850414276123047,0.001237652963027358,thumbs_up,RRQ_p23,RRQ
0.6021003127098083,0.6376090049743652,-8.156514468282694e-07,0.6245236396789551,0.5120627880096436,-0.06270197033882141,0.7133930325508118,0.40351444482803345,-0.08811187744140625,0.788394570350647,0.31815963983535767,-0.10784991085529327,0.8301366567611694,0.2354021668434143,-0.11589975655078888,0.8511154055595398,0.4491910934448242,-0.022750340402126312,0.8642890453338623,0.4307239055633545,-0.07401294261217117,0.7772229313850403,0.46692878007888794,-0.09988133609294891,0.7620765566825867,0.48239126801490784,-0.11536049842834473,0.8735952377319336,0.545256495475769,-0.015500330366194248,0.8707308173179626,0.5322463512420654,-0.07129575312137604,0.7651405930519104,0.5422636270523071,-0.08079999685287476,0.7695977091789246,0.5450612306594849,-0.07731080800294876,0.86210036277771,0.6391961574554443,-0.02017822116613388,0.8595057129859924,0.647904634475708,-0.07743528485298157,0.7650941610336304,0.6290039420127869,-0.057091277092695236,0.7666435241699219,0.6204580664634705,-0.032654859125614166,0.8350057005882263,0.7175384759902954,-0.031661707907915115,0.814017117023468,0.7332851886749268,-0.06796791404485703,0.7532671689987183,0.70445716381073,-0.05779644474387169,0.7560257911682129,0.6879174709320068,-0.043143853545188904,thumbs_up,RRQ_p23,RRQ
0.5219026803970337,0.5756490230560303,-5.4938247728841816e-08,0.4772703945636749,0.46135690808296204,-0.011310041882097721,0.4115295708179474,0.3511209487915039,-0.04403958469629288,0.3837603032588959,0.2632909417152405,-0.07283775508403778,0.3872717022895813,0.17695805430412292,-0.10257835686206818,0.43912699818611145,0.40157949924468994,-0.1271078884601593,0.29069918394088745,0.39899787306785583,-0.16166839003562927,0.31482112407684326,0.40636786818504333,-0.16326557099819183,0.3638950288295746,0.4145486056804657,-0.1595226675271988,0.4419691860675812,0.5045783519744873,-0.13834252953529358,0.2773554027080536,0.49714335799217224,-0.16929253935813904,0.3132086396217346,0.4914033114910126,-0.15548475086688995,0.3673369288444519,0.4963132441043854,-0.14771880209445953,0.4405425786972046,0.5973376035690308,-0.14390434324741364,0.2876386046409607,0.5838239789009094,-0.1651763916015625,0.3233778178691864,0.5698343515396118,-0.13626326620578766,0.3740435540676117,0.5699334740638733,-0.1185394749045372,0.4358680248260498,0.6789166927337646,-0.14877840876579285,0.32665911316871643,0.6513155698776245,-0.1664578765630722,0.3533603847026825,0.6293264031410217,-0.14806732535362244,0.39390984177589417,0.6307737827301025,-0.13523165881633759,thumbs_up,RRQ_p23,RRQ
0.30454039573669434,0.7165516018867493,-5.805727596452925e-07,0.33006787300109863,0.5780680775642395,0.00024151797697413713,0.38386207818984985,0.4784441590309143,-0.014516277238726616,0.42314860224723816,0.3887595534324646,-0.02912486344575882,0.42639368772506714,0.30813857913017273,-0.041696786880493164,0.4645610451698303,0.5309081673622131,-0.04153741896152496,0.5488218665122986,0.4804689586162567,-0.05087374523282051,0.5107345581054688,0.4838694930076599,-0.049214113503694534,0.47682175040245056,0.4998001754283905,-0.04661770537495613,0.48148539662361145,0.6149216890335083,-0.047043576836586,0.5575460195541382,0.5604355931282043,-0.04748480021953583,0.5219501256942749,0.5530044436454773,-0.03735814616084099,0.4893726110458374,0.570060670375824,-0.03396178409457207,0.48382633924484253,0.6929205656051636,-0.04855181276798248,0.5511298775672913,0.6430841684341431,-0.04357786476612091,0.5231195092201233,0.6337071657180786,-0.025577442720532417,0.4919435381889343,0.6486198902130127,-0.018430139869451523,0.4819989502429962,0.7573232054710388,-0.048840686678886414,0.53985595703125,0.7104675769805908,-0.03814017027616501,0.5136257410049438,0.6999508142471313,-0.016648687422275543,0.4865035116672516,0.7148460149765015,-0.003918854519724846,thumbs_up,RRQ_p23,RRQ
0.11522180587053299,0.8124358654022217,-4.844278578275407e-07,0.15726202726364136,0.6472200155258179,-0.03364044427871704,0.19422036409378052,0.4881354570388794,-0.06378982216119766,0.1862245798110962,0.36913883686065674,-0.08889486640691757,0.14629369974136353,0.2818650007247925,-0.1082751452922821,0.1299533247947693,0.552659273147583,-0.1026308462023735,0.29056650400161743,0.5222862362861633,-0.15602047741413116,0.2662087678909302,0.5571690797805786,-0.17604626715183258,0.21147269010543823,0.5648013949394226,-0.18593783676624298,0.12498369812965393,0.6683398485183716,-0.1099647730588913,0.3120618164539337,0.6222997903823853,-0.14866620302200317,0.2764090597629547,0.6428309679031372,-0.14073053002357483,0.22165608406066895,0.6490663886070251,-0.1427285373210907,0.1385534703731537,0.7650424838066101,-0.11933743953704834,0.31157708168029785,0.7089250683784485,-0.14560483396053314,0.2739950120449066,0.7218074202537537,-0.11901485919952393,0.2253715693950653,0.7267947196960449,-0.10743305832147598,0.15848076343536377,0.8413814902305603,-0.13240523636341095,0.29606741666793823,0.7844932079315186,-0.13875406980514526,0.2660674452781677,0.7903316020965576,-0.11819595098495483,0.21664762496948242,0.7999913692474365,-0.11041319370269775,thumbs_up,RRQ_p23,RRQ
0.4925880432128906,0.5949764251708984,-5.402977194535197e-07,0.5153475403785706,0.4616972804069519,-0.004163491539657116,0.5623621940612793,0.37163010239601135,-0.017234371975064278,0.6038016080856323,0.2894117832183838,-0.02930334024131298,0.613888680934906,0.21549546718597412,-0.0383148156106472,0.6575198173522949,0.4166727066040039,-0.027087096124887466,0.7140889167785645,0.3913745880126953,-0.028681395575404167,0.6798444986343384,0.400277704000473,-0.026559913530945778,0.6468929052352905,0.4111797511577606,-0.02572789415717125,0.6773501038551331,0.49481281638145447,-0.027509335428476334,0.7077698707580566,0.46977198123931885,-0.016414420679211617,0.6754230856895447,0.47350120544433594,-0.007698454894125462,0.6489284634590149,0.4847556948661804,-0.008493836037814617,0.6769675016403198,0.5686216354370117,-0.024974308907985687,0.6984132528305054,0.5405771732330322,-0.0118822967633605,0.6735259294509888,0.540429949760437,0.0017114044167101383,0.645474910736084,0.5489623546600342,0.003044682089239359,0.669457733631134,0.6311440467834473,-0.022240782156586647,0.6802543997764587,0.6032531261444092,-0.00913006067276001,0.6560853719711304,0.5993297100067139,0.007619131822139025,0.6338386535644531,0.6060118079185486,0.01668788120150566,thumbs_up,RRQ_p23,RRQ
0.24059627950191498,0.5569754242897034,-4.8829798515726e-07,0.2717353105545044,0.42032986879348755,-0.00026172606158070266,0.33055949211120605,0.31763339042663574,-0.009163868613541126,0.3708803951740265,0.22555047273635864,-0.017755435779690742,0.37609782814979553,0.14625409245491028,-0.022685499861836433,0.4039968252182007,0.34276241064071655,-0.02368534915149212,0.4889737367630005,0.34015393257141113,-0.025877175852656364,0.46178489923477173,0.36008167266845703,-0.02050268091261387,0.42822450399398804,0.3664848804473877,-0.016692623496055603,0.42354854941368103,0.42614832520484924,-0.0286778062582016,0.49008893966674805,0.41382935643196106,-0.018771149218082428,0.4610099196434021,0.42414605617523193,-0.007040238007903099,0.42800676822662354,0.4309682250022888,-0.004355637822300196,0.4309650659561157,0.5062704086303711,-0.031228045001626015,0.4792245030403137,0.4859399199485779,-0.017874469980597496,0.4544869363307953,0.4921032190322876,-0.0008793346351012588,0.4239482879638672,0.49977630376815796,0.0033617557492107153,0.43245092034339905,0.5760677456855774,-0.03348799794912338,0.46454140543937683,0.547134280204773,-0.018690934404730797,0.44192636013031006,0.551322340965271,0.000956831790972501,0.41992807388305664,0.5620249509811401,0.012009697034955025,thumbs_up,RRQ_p23,RRQ
0.5125026702880859,0.5698224306106567,-5.445697865980037e-07,0.5393140316009521,0.4372521638870239,-0.003289232961833477,0.5921573638916016,0.34554657340049744,-0.014946917071938515,0.6366128325462341,0.2625461220741272,-0.025234797969460487,0.6474152207374573,0.18677082657814026,-0.0322226844727993,0.6838597059249878,0.38270431756973267,-0.024203376844525337,0.7398815751075745,0.37341931462287903,-0.023037180304527283,0.7071591019630432,0.3867679834365845,-0.01951051503419876,0.6764084100723267,0.39315328001976013,-0.018577823415398598,0.702459454536438,0.4606132507324219,-0.02530284784734249,0.7345526814460754,0.44919946789741516,-0.010279756039381027,0.7019900679588318,0.4573594331741333,-6.730448512826115e-05,0.6748579740524292,0.4651230275630951,-0.0007548982393927872,0.7032237648963928,0.5375086069107056,-0.023427845910191536,0.7249724268913269,0.5177323818206787,-0.007611212786287069,0.6995483636856079,0.5219353437423706,0.006562076974660158,0.6703399419784546,0.5289916396141052,0.007395858410745859,0.6973385810852051,0.6051295399665833,-0.02142595872282982,0.7082120776176453,0.5793754458427429,-0.007592795416712761,0.6833541989326477,0.5798059105873108,0.009325608611106873,0.6605046391487122,0.5870949029922485,0.018288899213075638,thumbs_up,RRQ_p23,RRQ
0.2552222013473511,0.767595648765564,-4.036285474739998e-07,0.3098694384098053,0.5940662026405334,-0.03050515428185463,0.32503390312194824,0.4389480650424957,-0.053274594247341156,0.3193863034248352,0.334482342004776,-0.07397349923849106,0.3043261766433716,0.22826731204986572,-0.09116961061954498,0.23283647000789642,0.4496726095676422,-0.08181658387184143,0.3900493085384369,0.44626137614250183,-0.12751460075378418,0.3926292061805725,0.4929831326007843,-0.14798544347286224,0.3488781154155731,0.5051629543304443,-0.16336576640605927,0.21024096012115479,0.548931896686554,-0.09460440278053284,0.39709264039993286,0.5609228014945984,-0.12982921302318573,0.3881375789642334,0.5836336016654968,-0.13666938245296478,0.3419950604438782,0.5739901065826416,-0.15007731318473816,0.20468640327453613,0.6567310094833374,-0.10973222553730011,0.37194982171058655,0.6603806018829346,-0.15209893882274628,0.36466333270072937,0.6702024936676025,-0.15001057088375092,0.32619452476501465,0.6620949506759644,-0.15139171481132507,0.2106078565120697,0.7608643174171448,-0.12765921652317047,0.2988438010215759,0.766517698764801,-0.1731903851032257,0.308769553899765,0.7479957938194275,-0.18390388786792755,0.30769380927085876,0.7410228848457336,-0.1890670359134674,thumbs_up,RRQ_p23,RRQ
0.49992620944976807,0.6767181754112244,-3.3852660408228985e-07,0.5721650123596191,0.5853955149650574,-0.013308976776897907,0.6663398146629333,0.5000281929969788,-0.053972408175468445,0.715521514415741,0.4156513810157776,-0.08848292380571365,0.7311232089996338,0.3164426386356354,-0.11770971119403839,0.6356173157691956,0.4686668813228607,-0.16131579875946045,0.7739539742469788,0.5372486114501953,-0.19876869022846222,0.7449690103530884,0.5760594010353088,-0.184357687830925,0.6973786950111389,0.5609378814697266,-0.1720554530620575,0.6050364375114441,0.5519353747367859,-0.18064536154270172,0.7625637650489807,0.6376458406448364,-0.21411611139774323,0.719998300075531,0.6534416079521179,-0.18044167757034302,0.6692084074020386,0.6279577612876892,-0.16361373662948608,0.5838279724121094,0.6412657499313354,-0.19380216300487518,0.7242735028266907,0.7134271264076233,-0.21168464422225952,0.6811796426773071,0.7092810273170471,-0.16758236289024353,0.6331097483634949,0.6810765266418457,-0.14873318374156952,0.5698689222335815,0.7279165387153625,-0.20702847838401794,0.6698262691497803,0.7668707966804504,-0.2185267210006714,0.6358973383903503,0.7552710771560669,-0.1964053213596344,0.5914644002914429,0.7286763191223145,-0.18761275708675385,thumbs_up,RRQ_p23,RRQ
0.17117458581924438,0.6670987010002136,6.857023038264742e-08,0.2572001814842224,0.5394831895828247,-0.05722929537296295,0.30091989040374756,0.42016005516052246,-0.09183808416128159,0.3154487609863281,0.32235634326934814,-0.11896669864654541,0.3166671693325043,0.20744401216506958,-0.14520224928855896,0.18742220103740692,0.43900108337402344,-0.10824781656265259,0.3240276277065277,0.5338717103004456,-0.16966921091079712,0.37471461296081543,0.5558202266693115,-0.2076074481010437,0.38419196009635925,0.5447850823402405,-0.23093289136886597,0.14008933305740356,0.5391804575920105,-0.10562746226787567,0.31477126479148865,0.6367374658584595,-0.14799155294895172,0.35565346479415894,0.6276921629905701,-0.1584087610244751,0.35100018978118896,0.6028599739074707,-0.1734134554862976,0.12015663832426071,0.6397587656974792,-0.10723468661308289,0.2838048040866852,0.7204728126525879,-0.14983054995536804,0.325241357088089,0.6957635879516602,-0.13740184903144836,0.3246702551841736,0.6615180969238281,-0.13090790808200836,0.11640434712171555,0.7236579656600952,-0.11545612663030624,0.24268488585948944,0.7815345525741577,-0.15117283165454865,0.2771323025226593,0.7552705407142639,-0.1467309594154358,0.28033238649368286,0.7276703119277954,-0.14198343455791473,thumbs_up,RRQ_p23,RRQ
0.49039146304130554,0.6215623617172241,-3.742756859992369e-07,0.5476388335227966,0.5025292038917542,-0.0193169005215168,0.6556411385536194,0.39797550439834595,-0.0485980361700058,0.7171804904937744,0.3135826587677002,-0.07120027393102646,0.734703779220581,0.21191644668579102,-0.08792489022016525,0.6499054431915283,0.42167696356773376,-0.12299176305532455,0.8112190365791321,0.4623115062713623,-0.16223105788230896,0.7719022631645203,0.4783381521701813,-0.1635352522134781,0.7147931456565857,0.46821847558021545,-0.1574680209159851,0.6349538564682007,0.521759569644928,-0.1300170123577118,0.8019626140594482,0.5638091564178467,-0.15577782690525055,0.7566881775856018,0.5587513446807861,-0.13399183750152588,0.6976104378700256,0.5439222455024719,-0.1210319846868515,0.6221694350242615,0.6199191212654114,-0.13301940262317657,0.7673709988594055,0.6482735872268677,-0.14182810485363007,0.7241330146789551,0.6343220472335815,-0.10095788538455963,0.6727086901664734,0.6230034828186035,-0.07886874675750732,0.6111124157905579,0.7048549056053162,-0.1368401199579239,0.7242423295974731,0.7051906585693359,-0.1311415135860443,0.6885262131690979,0.6908405423164368,-0.09710641205310822,0.6424915194511414,0.6813147068023682,-0.07765542715787888,thumbs_up,RRQ_p23,RRQ
0.21284860372543335,0.7183027267456055,-3.310752560992114e-07,0.25840118527412415,0.5473463535308838,-0.04233896732330322,0.2762719988822937,0.38724377751350403,-0.0730414167046547,0.26289626955986023,0.28160935640335083,-0.09819331765174866,0.2312503308057785,0.18017959594726562,-0.11763113737106323,0.1920682191848755,0.43849247694015503,-0.09600751847028732,0.3507472574710846,0.40252014994621277,-0.1480933278799057,0.3510763645172119,0.44879499077796936,-0.1732417345046997,0.3053414523601532,0.4669068455696106,-0.18928998708724976,0.1842641532421112,0.5504270792007446,-0.10004454106092453,0.3728461265563965,0.5002667903900146,-0.13778263330459595,0.35879772901535034,0.5286357402801514,-0.1380281299352646,0.311242938041687,0.5408620834350586,-0.14756083488464355,0.19770605862140656,0.6493990421295166,-0.107185497879982,0.3764742910861969,0.5906730890274048,-0.13606113195419312,0.36031076312065125,0.6074479222297668,-0.11555727571249008,0.31742045283317566,0.6155882477760315,-0.1086476743221283,0.22083225846290588,0.7292928695678711,-0.11927967518568039,0.3578301966190338,0.6795859932899475,-0.13469108939170837,0.3431047797203064,0.680071234703064,-0.12147363275289536,0.2991606593132019,0.6870865821838379,-0.11725016683340073,thumbs_up,RRQ_p23,RRQ
0.17131443321704865,0.7356008291244507,-2.3147106276155682e-07,0.21108105778694153,0.6310918927192688,-0.014313039369881153,0.2297259271144867,0.5382478833198547,-0.032019324600696564,0.2509952783584595,0.4728049039840698,-0.04885650798678398,0.26230672001838684,0.4108118414878845,-0.06367684155702591,0.12832987308502197,0.522133469581604,-0.05368536710739136,0.22763259708881378,0.49918651580810547,-0.08339612185955048,0.24788370728492737,0.5420925617218018,-0.09642914682626724,0.2282692939043045,0.5628008842468262,-0.10610828548669815,0.11516919732093811,0.5819459557533264,-0.06380164623260498,0.23368272185325623,0.5658227205276489,-0.09104246646165848,0.24541588127613068,0.5995567440986633,-0.09718763083219528,0.22204729914665222,0.6099587678909302,-0.10600456595420837,0.11965211480855942,0.6494754552841187,-0.07398366183042526,0.2249530702829361,0.6270633935928345,-0.10042870044708252,0.23485124111175537,0.6501028537750244,-0.09621651470661163,0.21412481367588043,0.6593481302261353,-0.09554798901081085,0.13263626396656036,0.7138476371765137,-0.0851297453045845,0.19896060228347778,0.6923218965530396,-0.10650728642940521,0.21083152294158936,0.6864035725593567,-0.10659055411815643,0.2022385597229004,0.6804863214492798,-0.10671193897724152,thumbs_up,RRQ_p23,RRQ
0.6283330321311951,0.693317174911499,9.23639504435414e-07,0.5860180854797363,0.6873095035552979,-0.026240842416882515,0.5415423512458801,0.6778404712677002,-0.05114183947443962,0.544378399848938,0.6771453022956848,-0.07688363641500473,0.5732558965682983,0.6676802635192871,-0.10263386368751526,0.5276047587394714,0.5366453528404236,-0.05367564782500267,0.5030859708786011,0.45801839232444763,-0.08579441159963608,0.487201988697052,0.40703028440475464,-0.10396887362003326,0.4755723476409912,0.3577134609222412,-0.11594992130994797,0.5738058686256409,0.5079926252365112,-0.062371961772441864,0.5695470571517944,0.42595019936561584,-0.09491656720638275,0.5717901587486267,0.36333462595939636,-0.11270549893379211,0.5735580325126648,0.3031802177429199,-0.12161830067634583,0.619871973991394,0.511311411857605,-0.07193347811698914,0.6275813579559326,0.5506875514984131,-0.10567896068096161,0.6154432892799377,0.6298098564147949,-0.10757654160261154,0.6046176552772522,0.6814553737640381,-0.1003224104642868,0.6576313376426697,0.5380460619926453,-0.08425860852003098,0.6583645939826965,0.6019391417503357,-0.10814035683870316,0.6440780758857727,0.6592605710029602,-0.1055176854133606,0.6307793855667114,0.6960145235061646,-0.09790270775556564,peace_sign,RRQ_p23,RRQ
